18580
17227
25646
8221
23422
15104
2551
11592
18600
1219
2865
22359
25990
28741
18582
19626
30027
2304
24712
12201
22537
6346
30549
19966
13594
14507
21689
22530
9408
25580
31396
11380
7432
16752
6462
3185
9716
5960
1064
19360
6360
7297
3333
20654
28421
7488
26426
31226
25509
9490
30961
14993
27878
9085
15716
860
20571
16091
7256
19608
22175
18792
23271
21383
25147
3225
2435
24677
28105
24239
4920
10398
13658
13965
21041
8510
3862
12742
19838
21929
14114
16635
1045
5772
4807
28260
26902
5395
11984
29356
30035
15965
32051
3074
29199
27437
5620
19309
24838
14306
32583
19551
9646
6313
16629
2702
21437
32241
18176
18943
18155
7455
22410
17763
26617
12675
8179
5799
17138
18827
7490
3527
21169
29751
25542
27107
9635
25293
2557
10388
16334
21198
15028
24448
24082
21544
12912
21548
32431
16301
11277
17938
21256
29124
165
7924
32423
7519
32435
32111
18304
19245
15480
19923
7034
22800
27038
25906
3883
3537
25628
21175
14819
5395
5209
23353
4845
30597
21652
21264
13329
25436
26499
18984
9565
22785
16954
15956
5670
4102
11599
18404
10057
10335
316
29817
10934
31695
516
17432
31792
9120
7706
31870
22350
1687
5246
18099
20166
807
17961
19170
18666
2533
13995
15976
9587
15420
19
6187
28798
25442
15887
24365
18132
21386
13396
18273
20334
3932
13376
4285
28217
16290
1470
23696
5142
21316
22379
27926
20517
23414
31223
841
1603
30768
27341
20219
28369
26846
29174
9506
17336
5466
22330
28787
16041
8983
29321
4146
19626
27295
7066
6472
6862
24895
15570
11670
24643
19200
3431
23945
2450
18650
14021
18414
10531
5925
26929
27656
20736
4176
9132
25056
14810
18389
13082
27869
23377
20844
11427
7316
22896
2176
26458
28641
27511
27615
14620
11831
8158
25013
31419
27444
8598
30651
5980
26745
25234
29612
11038
18872
20358
18425
29949
20238
28911
16573
8181
2452
7507
31987
10090
15921
8394
2023
23239
27314
32189
9962
17510
8476
10990
12106
30640
11584
29368
30849
2693
14481
22425
16045
15838
24627
8685
2368
6576
29012
31484
27129
20
16319
14647
10259
31654
19118
16831
11196
19754
9184
8999
15816
31862
19692
19835
28583
28812
32469
2945
16276
21254
4062
8510
19728
17079
27552
13244
12687
6543
20825
24075
20849
18879
19591
6022
14643
5662
7094
20311
23271
10699
31126
24894
16353
21268
31824
18318
692
26007
32538
11896
9565
1959
18954
19595
6077
28402
27687
9340
589
20576
31686
5155
10509
1854
12564
21703
31421
14235
3823
20635
8272
28658
3578
29064
8350
3594
32240
19757
27737
27419
4408
21029
26178
4914
18106
23176
15260
3030
9714
18356
8417
28140
322
2893
18101
22232
12941
16770
6936
29925
1537
16530
10975
13031
18228
16783
14181
18207
9331
1635
21630
10590
23639
8464
8876
13421
27032
16444
31126
30381
8486
9452
5813
30203
30326
9616
9297
27350
23066
25152
11436
14020
26261
3653
19837
6641
20333
29403
16287
27674
18050
3893
1803
23721
19357
31170
24324
32290
6732
26287
13969
8381
10734
30637
20784
16469
29706
14580
24521
2432
29925
28551
9697
14848
6739
7354
32528
24666
5325
23282
22709
16068
16068
30637
29672
21828
3637
28354
944
22295
17534
10985
31606
3920
20592
12157
8634
30913
5797
3969
15109
3358
5139
21986
24863
3936
3810
17147
23169
21864
18811
862
1549
21733
27618
17362
12029
30583
5957
18072
23834
31253
22485
24051
29998
23468
26836
28647
15803
7944
32495
26432
7149
25592
3279
13782
7374
7085
13803
19472
7865
23652
25504
10663
12049
6213
12419
27564
28722
15242
7670
31693
7080
30179
18425
17620
29856
13081
2883
4208
16027
1778
20882
29240
3178
4182
30783
25581
31574
6063
1301
30463
11935
27798
7523
16211
7976
18091
29520
23364
4976
11716
7535
15592
21444
11595
3219
6292
28339
22241
5093
7330
8643
22599
14131
22129
14946
10367
13195
26798
799
4142
30217
30418
4378
4421
29933
27116
1465
29152
7920
29345
6301
28271
21721
27761
32213
22291
8523
1596
31825
7243
8929
21508
18585
3791
23677
11764
30655
22204
24540
161
7825
26098
1646
29329
28948
27066
11365
762
30254
32685
8716
1483
9123
12753
18267
8432
30275
32260
1480
11986
23137
27806
7263
10782
30854
31314
29205
1736
14951
22869
25178
7247
7189
19906
14317
1346
7540
10558
18932
6147
26606
10712
28492
23755
31848
16434
15390
9454
32117
230
15795
10081
27082
17699
10377
18041
23283
16023
11430
25333
7236
658
25644
24639
11793
20584
4142
15855
2338
5911
6082
27281
13921
32297
32087
13224
3798
30172
15945
30451
14293
4737
20659
30958
12150
14114
13189
1180
32070
21351
17622
14468
23356
14522
21115
9465
27375
19114
6360
8095
19205
3725
9206
28715
8431
24170
18134
14954
27348
17174
7429
18821
11722
14748
19057
8323
21580
26594
28027
29711
20713
1162
30541
29052
22841
30231
24174
30470
19733
27985
24467
8539
7687
32490
16569
21082
19200
97
19056
5402
17481
11303
27514
814
19388
20737
14996
3879
9524
4269
19092
22619
11074
29128
1204
27621
7202
18671
32046
5869
13037
15653
30217
11818
24847
27508
1074
28324
15356
28119
2766
23487
29471
18776
207
15989
25107
1910
13509
10723
4886
32457
759
10503
17851
3817
12723
31176
19935
21387
26594
31030
24285
4845
29151
9492
5894
27509
18570
22164
24395
1173
3736
6753
29501
18161
30765
18914
9528
24516
20652
18878
13018
4991
4814
4507
15802
9140
18161
24876
15447
19507
7091
18026
30543
7027
27840
22817
26322
10803
11240
20399
1109
30304
24693
20744
25739
25914
12475
10238
11665
12467
10736
15296
15721
17431
14910
29088
5289
19442
4375
23577
22900
32047
22985
23312
1706
22397
1106
4442
7004
26359
4213
21375
24195
18691
3853
29629
2801
30842
19874
3920
30599
9482
24634
16625
4009
6617
32113
23709
12271
30571
24780
6295
15133
17606
10059
18352
31574
7124
23101
2246
9100
29960
7256
3979
1339
22084
11529
27271
20055
26875
13833
27233
25475
15251
5937
3674
10883
12813
9359
6682
22772
27111
2745
14511
6970
5441
19809
20691
10171
4416
5162
28269
4683
15280
14778
25947
29670
19437
20753
4463
15013
13059
5401
22455
13803
18196
30334
19714
13023
15866
15295
9631
15648
15150
26502
21096
22452
29928
22837
28416
16961
13448
23489
25944
7807
13877
5827
27256
2541
11204
5580
14460
32707
26331
23033
10716
5928
28246
10696
6641
29094
745
4906
11957
28123
22279
21466
28619
29297
32259
7148
20159
25936
22134
24233
1166
8977
29664
9626
26729
2742
19346
6627
9142
29081
10443
14291
26456
5027
11297
24760
1584
21438
23074
16120
6371
24717
32060
12381
3806
4442
24282
10929
20632
3920
7120
20107
22295
7914
6137
7272
23734
7595
21790
32765
2853
2064
12570
9676
19121
7107
20284
20214
5830
27153
12525
5968
31666
28318
16787
25016
8619
32343
22965
24234
2324
8873
32095
24846
23548
13552
22984
30036
30952
20019
17970
28355
6866
24334
19474
24334
17009
1007
31345
11305
17595
27014
2194
14426
8873
21878
3029
20627
3642
10065
17627
21759
16570
26051
18411
20443
1604
11277
1172
28295
8838
2997
28820
4317
29380
13948
23033
25281
28959
1169
9350
13305
32024
11012
30296
576
3408
13949
6090
27029
11921
7726
2709
28377
29714
774
7228
22681
15607
28456
30631
2601
29464
10651
31245
5362
9987
29251
20248
29708
11588
14864
6212
9744
8420
11125
9097
6439
28463
5916
30009
7527
20666
6360
10539
20832
21413
2267
28441
15601
23326
3369
9799
3681
14374
24396
23653
11690
16280
6729
13239
6680
359
9428
29811
17939
1319
3008
19819
25913
12239
24761
2027
24753
14013
28981
13029
26043
17402
27048
2379
17035
12224
14583
6077
1367
29497
18480
25956
4527
14474
23160
9246
8205
11280
10565
11227
23469
29417
4301
17735
4766
27319
24766
1961
11290
5792
9519
19978
22803
23962
31702
1947
13070
32229
18812
26449
15668
23000
25519
14034
31654
481
695
20628
5394
8136
4043
1347
12932
10035
9092
28772
4478
28527
18577
57
31818
6765
22189
13540
7311
27915
31182
23246
23587
31893
14751
17482
18464
21900
5425
18038
10810
32678
1773
32098
19535
789
1230
7029
6720
21260
20685
18444
5632
16768
11676
20835
20970
24620
19350
13753
25944
29399
503
18351
3953
22233
10312
29170
31810
988
9246
24089
24593
2528
32516
721
23789
12418
6326
23863
26250
7037
18832
22917
6220
6257
2373
12017
12706
31203
28116
13010
11413
9093
5816
26373
8865
11192
22623
18319
29635
13904
15326
7043
25555
27799
9955
19751
8724
13972
16363
3410
28426
6541
25269
17944
21643
24522
14582
8361
9241
28060
19278
8823
12143
26526
7803
9623
28506
3643
12493
12394
3274
29296
27609
28796
41
26579
24178
23724
15083
22485
21205
17038
3943
23108
5412
17165
19173
14100
32278
597
13816
13662
5612
3824
28430
23465
25511
17454
21317
1385
15480
11211
27008
29125
10104
8908
955
12189
10649
17834
2715
2764
3548
26546
10057
24234
32197
6572
16257
29141
32269
955
30694
16178
9110
5764
12441
20526
5284
22418
12297
3146
10825
19705
28685
8662
17953
19514
16688
27644
12352
12391
14411
31233
4457
15240
6746
7112
23936
10044
14984
6040
16962
10404
32396
27934
28212
27516
32056
18870
17369
18571
27471
4582
19752
15166
19096
9259
829
23184
3888
14585
15951
22828
12068
1021
25058
20694
20543
31397
6462
23815
2081
25570
14367
18647
25233
5421
5038
21536
8725
200
26544
21473
28351
31046
7166
12768
26441
20045
32309
3988
18533
9883
17326
4161
7758
15175
26545
3685
13475
22601
14821
16467
14453
17981
12555
4126
16543
356
21996
10936
12373
25068
23184
2651
10240
6513
12721
40
30793
10691
14959
271
19316
14570
21574
14830
30960
26215
28476
12029
14124
1469
27743
27241
8108
25136
25198
32319
14683
28621
6871
23948
32035
3498
23265
20675
2235
15727
19755
2398
29632
29717
8021
6344
31496
26606
10237
20091
30259
32742
10477
16741
19330
18440
402
2193
21997
3908
26033
26371
29039
4719
27733
28388
8613
22667
2828
24543
1687
9289
20818
17610
5078
7884
30798
5257
15815
8112
6844
23087
4414
13899
10539
10343
26958
22578
28264
23571
14176
22783
14394
29234
4483
3922
30799
29959
31491
19222
29047
17528
6973
262
17680
15796
22193
20335
29889
1560
32345
16439
11372
32084
2362
27678
26717
6857
3128
25412
19400
14902
25646
32492
15218
7060
17982
127
4270
6718
10854
8660
30859
24405
17492
31406
21324
4963
32380
24454
10264
21310
11111
7563
243
27696
24910
14312
17133
9044
13287
2629
22169
3139
16511
29840
13505
13040
16457
29693
11096
7377
5366
19787
28336
25920
901
11338
19182
31008
4445
23706
2490
13763
14233
32693
24635
28427
24739
25647
31042
8400
25604
25149
28613
20354
29818
24949
19856
23568
13387
27604
25143
20232
25562
29189
1615
24319
24184
9440
7901
13875
22908
2098
29967
15215
6550
8892
13866
25135
4704
28542
12228
17925
9270
29749
7219
5435
27720
8482
4933
3770
23277
24077
29490
5930
1083
26762
21966
10587
24276
26491
26115
9700
25858
22486
10623
17930
19463
13992
4778
13795
17838
3162
28379
6587
38
15667
1227
694
22544
17183
30538
5815
28887
13487
16432
28545
10048
15712
22423
29980
4674
27424
23367
14203
1559
29966
19058
2907
19859
24450
10658
28270
3509
8525
8943
30393
1916
11842
30325
20794
11259
2805
20229
5071
14000
19906
20251
26195
16914
12561
27152
18186
2665
6873
23953
28223
21218
15715
24400
5419
8419
13649
21241
9241
16796
18654
7272
3016
19935
11367
25113
19985
8241
28715
21472
31177
28961
31567
18906
7657
3544
14373
20387
30700
23794
21933
28617
24953
9612
16988
21377
16706
19614
17437
2713
812
31884
20886
4014
23472
27383
4268
23711
23169
12505
7753
9025
4207
26833
860
32341
19595
1979
31522
11959
13452
9092
28325
14552
15473
7228
18818
30317
16744
23405
3054
28777
19439
7596
15867
5417
15673
31341
10264
7919
27603
7708
29911
16018
29575
27241
8180
24180
15489
28899
22162
4531
32176
31688
11463
932
15983
6427
19547
31613
7013
23544
205
18513
21161
18469
17559
10562
23338
7145
13235
1522
2895
27681
1886
2874
4826
18064
32540
31
19474
20087
23292
26369
10273
1893
19229
16150
15035
16977
30833
31255
10496
24806
2753
31289
32676
25374
20466
11359
13389
29458
26758
4750
22076
25361
7526
21153
12848
20975
17118
7486
28039
27039
19689
264
23719
27652
30895
32278
6300
517
12108
28069
6146
224
1491
4617
20262
6592
32402
25322
7016
10129
28568
27052
32228
3859
12917
16943
26961
25901
321
5049
10024
20357
9440
5680
6153
21325
22659
30605
21340
1632
1650
13709
27188
22157
16906
16297
20856
23346
8961
30025
14148
25869
26098
21557
18317
16464
30229
27468
9220
23795
17485
25976
4925
20814
3945
16609
11025
27367
419
1633
31297
16777
18285
5433
30043
150
878
22274
10978
23197
17351
28646
681
23343
23706
16143
3200
2799
19405
17248
8722
6633
2571
14435
24590
1061
27916
32643
14981
25723
32535
10620
12436
27048
28613
13327
25410
8610
519
20474
5035
3881
7018
17191
19551
15775
22682
15140
14853
18201
19237
9171
30532
182
17538
22115
20451
16688
21074
13438
16174
30128
20453
964
11676
30951
12544
7545
12720
24666
27102
18042
22557
13309
6260
17270
14125
17412
21242
32090
20835
4342
16294
18957
2912
31235
22971
11614
14595
9623
1986
9787
1492
22575
26391
23587
15523
11628
28840
16605
12908
26469
23290
31339
22654
18498
23917
10554
14812
10759
14528
24219
26596
18605
10455
22391
6702
29303
9148
20285
1463
4739
2533
32544
12095
18848
11189
7552
15599
2399
18500
29093
2879
25965
26979
20403
2327
3871
16603
4314
7988
12111
27382
23502
9934
4711
14913
20855
13176
23227
28815
29161
13383
11548
2369
19862
12342
2985
30917
22210
8649
21225
1373
26424
13809
3351
7458
20028
29232
4029
19784
31424
1533
6021
16035
5595
19306
22091
23402
8566
15108
10102
572
28489
22267
24201
27232
1030
20867
25589
7505
15059
29305
5170
10618
15614
74
5389
29246
8684
12305
5444
16699
19283
24831
10832
31952
20905
9984
16514
10204
5341
26779
20817
3785
17732
5146
21491
17866
30934
12268
7210
23648
8346
19015
7009
27171
29279
3090
14327
22719
6829
29441
11995
3901
19195
30466
13145
25220
30754
7896
16691
28447
23826
18437
21748
16448
5572
9710
32385
26629
26224
15418
497
27899
767
22651
31390
12513
27331
20240
13436
13486
11366
32586
12202
24021
9760
25293
583
8391
5677
11321
3207
13497
3967
14602
13062
13480
9904
23229
4956
20891
27450
15157
26353
31273
234
24668
2067
6970
28050
4877
19781
24082
28415
11570
11994
1931
27946
4905
27331
23713
23730
23661
6822
12340
9610
28530
28720
32266
25071
5328
2987
14100
2462
17828
8403
8946
23875
14643
24037
31416
9780
30161
18682
8435
7775
26882
1939
6887
5250
19166
17525
12059
8346
20666
10167
19736
31901
29444
5401
8813
21867
19055
9367
246
10242
18512
2366
31326
32498
20040
23103
21731
9234
26916
29250
15705
6768
13057
22780
23154
29838
8372
27396
9532
23243
15977
13282
10987
22047
8073
11881
7129
13067
1506
24392
19403
4304
1026
32219
1910
28896
7907
8007
25410
23186
13006
6085
26445
26393
8057
1598
15539
18871
32627
15897
16397
10286
28353
849
7479
22392
9418
19658
22615
20663
25968
229
26650
29295
3456
24658
17729
25075
15948
4901
4957
8477
27798
3116
18134
11330
22192
13952
27698
13413
9698
8539
29844
18859
16140
7721
11139
2575
1676
1250
14829
10327
7010
4758
23148
24391
19858
5706
8903
9492
21450
24578
1724
13084
1093
9759
30717
13779
5359
21739
18296
14593
9930
31859
11227
9259
8336
20629
4440
23374
7322
28505
5798
22484
28160
24965
23368
19904
258
2411
785
12588
6823
29702
4840
12277
15267
16453
2761
29621
10878
4263
24844
16369
26867
15112
17130
16532
6295
10939
15933
7324
4795
10456
14471
8468
14226
32471
22326
6210
14487
10078
15654
8481
25129
344
16744
6930
10360
14663
834
31182
31653
23771
32630
5535
10021
19651
2759
19408
16487
195
21946
865
26806
20999
23962
27136
26208
16311
28350
32053
22808
25035
7183
13277
3481
32289
20420
23513
13452
29644
22896
7
172
28848
7487
27249
28712
9548
18556
5829
17736
27350
12119
10502
29268
3981
14310
15488
31922
15691
30313
7937
6990
11865
24274
19526
5183
9352
12165
15796
7591
22141
31068
25161
17882
18253
26862
21201
9923
15434
13585
5725
26756
17692
22173
2801
22365
2579
28019
18045
4303
21691
30398
1038
3073
1713
14457
28998
354
29366
1586
28682
30096
19458
17165
8314
27513
8154
17675
18214
448
3429
32140
25470
32610
12220
2835
2699
5017
28224
6218
23005
19712
10032
11334
5829
3064
26747
20491
19908
29771
10962
11603
1602
8720
17154
2699
24195
9679
32129
18463
9176
3045
6214
17143
15122
29481
3806
16450
27964
30415
27837
18034
27786
28557
6610
1927
9612
20477
21854
16529
12455
8259
21253
12912
30662
23791
11814
6111
25677
15653
10088
15537
10575
9211
24725
6745
32256
16674
2732
7600
23661
9417
14897
31219
6250
19134
21960
11531
25292
24790
21250
6418
3289
19600
13687
22290
8189
13301
1045
10000
7615
3522
10423
8521
31730
31945
28153
3259
12592
31381
3915
32487
25988
5453
3909
10454
7015
17626
18491
30042
25838
6988
27408
23702
31041
21626
24655
4288
15951
2281
16247
26662
6848
2032
20631
10351
9259
7449
19483
5924
32138
17609
19686
29551
31211
5156
10401
15650
22376
22571
8786
27898
9816
12327
11056
550
12487
10059
9654
2307
30244
4501
24310
32554
3898
12277
12848
14508
3682
24497
2723
10908
12278
22792
14243
16078
28424
16662
18156
5343
21076
4855
22838
21621
1396
9263
9481
29896
4691
18505
7123
7522
20196
22463
25912
1059
21268
7706
9385
27783
2813
29530
15672
11308
14684
1176
1962
22670
32325
4074
11982
533
13845
6023
9742
8275
17577
20524
28228
4998
8397
20158
7375
24421
13303
14640
22757
793
25142
32423
17194
4745
20069
23260
31618
29914
11940
10434
14628
27702
17673
18538
10481
19149
20626
7203
1539
31002
2654
24805
8328
12648
797
26096
18129
5268
29894
26544
17574
31764
23688
4580
27869
11576
28930
27903
24875
20912
18614
15054
3129
22863
17595
1628
506
10511
5043
27411
14909
15188
24829
22307
22910
5493
1068
19752
31746
13944
17591
26887
14115
25373
1521
11288
17640
29471
28476
21643
3544
950
25722
17412
1296
13152
25285
14729
2708
19169
5472
25246
18403
30600
14061
1966
15054
31413
4832
22445
25225
29336
15155
5884
17155
8251
18012
13709
12915
20163
10620
4167
9523
16371
729
25004
27602
16881
26766
9657
5989
21069
3969
29965
30749
29247
24214
6990
27167
4144
16930
27849
25743
10876
21411
8024
32494
3959
10670
10889
24743
24238
25640
29436
20196
12143
18617
17677
19622
139
894
25267
277
21850
24574
10408
22549
9216
3680
3787
4377
30959
18651
1986
12348
29613
28013
995
1422
216
24528
6997
16043
30055
18346
9074
13971
28466
32516
13168
30645
7861
17661
23617
9293
24080
2239
6071
14576
14675
24755
13036
23909
19449
497
14305
14263
6066
19451
6757
30088
14438
15530
11321
32680
6518
24680
7281
3047
4165
4768
1565
295
32759
8819
21033
25013
27256
12205
28802
12249
4800
21495
11386
171
5206
27726
8302
12585
5139
5811
3238
29063
28201
14372
5500
6854
1380
7884
11457
648
6063
5239
10844
16675
15321
30024
22580
7668
27801
7854
30033
5622
17616
19092
29758
12434
20751
10968
30897
5817
6745
22783
22637
8241
20010
28199
9064
19244
10167
22332
30505
21023
32376
14703
8565
21457
7652
31460
22058
16819
19068
17323
31851
2159
6154
2802
22269
9923
29995
1145
3057
9872
4107
582
20356
11310
30832
7833
13891
4099
8954
16930
29299
13908
12713
23154
175
6490
9631
21680
2003
14745
24103
12429
28697
26733
2295
16249
30082
8422
26546
25624
14712
25301
3761
26095
6065
17447
259
11620
16982
11378
19890
31717
26981
28366
4680
29799
29012
13798
1682
2066
31991
30287
30116
6970
20131
23320
18461
30354
17556
24738
941
22684
29836
4529
25556
15204
10941
6852
28652
8814
20457
10146
12905
1261
31432
16182
30048
10293
12458
4508
10310
32371
6493
27772
21243
23964
10833
18839
14854
8867
3322
11167
6179
5359
17526
15692
4347
7692
22128
26284
16690
10657
31556
19643
4006
16802
6499
28467
9206
15046
4090
22693
9794
1340
5326
5321
11314
30106
10602
24851
30522
6678
27517
19334
26652
28664
17534
13261
19374
3407
15505
25224
25821
4835
29870
10980
22514
31340
3072
19054
23316
5377
29835
31529
20494
19923
31506
27613
11091
1307
1592
4787
19519
5969
20709
3583
10912
25759
9195
1885
32117
27797
21226
19711
16118
21022
113
5445
12756
23475
28005
8334
19393
17358
22439
11599
10547
28066
11249
29282
28261
21001
3841
5024
14751
14526
506
17585
2744
4556
9735
3619
17369
838
25409
26810
10115
32569
30419
8967
30676
30175
11355
17724
6918
30741
18068
26431
26936
24079
23347
11517
1905
17995
9742
23809
29666
195
6019
17733
10091
14951
8728
25160
28769
31946
2911
31840
27279
22044
17437
12114
14458
15704
2986
4128
25066
1726
25243
25890
31653
31876
4255
9304
31870
28617
16807
11263
25486
21962
32330
26978
5058
17752
871
25075
2198
26762
15628
21146
18463
13999
26774
22861
13903
2694
8730
23777
11637
26802
24836
10016
3
2664
10238
25883
18324
107
27668
450
9517
570
30485
3761
22211
15751
18748
12109
17918
14828
15887
14864
29757
9434
30856
1057
26586
6610
23155
2856
32431
15063
2839
29024
18905
11555
20760
32750
22203
19993
17308
9073
2374
13435
5805
5850
27512
20957
1759
12414
5667
18521
10290
1385
5872
18565
7225
22261
30627
2978
29564
32412
19105
15894
15900
19467
24751
28189
4021
2423
3068
21179
31368
6708
5218
32501
17882
26500
16617
21824
25495
4013
6797
20282
26939
2894
19521
28056
4082
15602
17459
25695
32766
7910
31314
22360
27482
840
14
15037
15261
6753
15710
11321
22304
13109
32520
22544
16739
27223
14877
16025
6829
15106
10434
28149
17139
9830
9270
1019
9211
25920
24593
3186
26306
22445
27338
3971
6170
10048
6012
25709
151
20306
13546
7291
13228
32665
13760
6708
6674
3325
11804
10449
31593
25766
19020
10228
19234
13658
8922
8086
15516
17158
4549
20545
25229
6298
27922
4992
23972
3098
19075
8341
24173
18674
12455
2409
32372
21643
22803
969
13485
16667
26606
21198
26899
705
15539
25757
27536
6865
16434
30801
21021
3437
21464
24630
554
21845
17969
13368
26944
18943
28843
2203
10469
11243
25245
31980
14784
19249
15751
14135
18941
31836
9884
8058
23283
20346
29053
28506
25092
15732
26696
27157
28869
16284
21713
20664
10335
1413
12079
26258
31798
15639
5499
6632
1992
8418
28884
9450
31703
16563
27558
15078
26314
14437
7468
5564
23633
18682
3636
30610
16456
2027
31523
29896
14558
6331
30520
6702
3062
9426
21781
17269
27597
1417
30843
13796
30429
21634
30037
21324
28418
22074
8184
31038
27612
29409
29353
24699
3188
12649
27743
4268
27682
26845
19659
15444
24238
7156
20886
6402
14261
13030
22762
1995
8526
1918
3379
8695
17902
30576
32295
32251
20873
28910
19204
16552
3578
11638
16920
20129
7845
3822
6535
12818
8027
21234
9545
2207
10878
4205
11890
3483
2661
13158
20406
5243
6657
27421
31532
1930
6337
15959
3410
16094
30132
14838
4434
17290
21998
28108
6787
21269
23084
11185
22323
14123
26555
15571
16548
17811
30869
334
3156
7265
14030
11773
17025
28269
26414
7311
7661
29699
26400
25053
6367
21468
16842
7802
19306
6221
8318
15756
32497
1215
6737
5595
6891
24415
9993
8488
20196
791
14653
15808
7620
19900
17335
11857
11860
16009
11805
19451
1278
22732
31953
7850
2773
7903
12309
20388
1493
14682
7795
10846
26219
7815
20060
8084
3640
19990
4879
32408
29714
29970
28860
22763
18763
3604
3049
17418
1078
20919
10262
28042
29672
2891
31132
13671
16700
9678
20187
17050
282
1304
21652
17897
15352
32597
31124
24323
3744
2744
13715
22476
18484
29550
14171
10742
10608
11729
15917
721
10544
6367
8800
14692
25138
17642
20811
27324
3612
4752
16485
12420
12737
15854
7083
9686
24224
10769
13122
11857
11693
173
27742
13164
22357
31250
14690
19465
3260
24923
23881
590
30281
10473
32324
11184
31588
8976
19364
1872
14206
13071
15099
5771
16466
2630
8318
25548
8555
17827
9902
11173
12519
32606
26936
7199
8570
10470
14105
7758
30134
16667
16389
24104
14473
15037
12554
1175
7943
10020
1137
22476
30569
31026
2277
13783
2390
29831
25559
7540
19298
7411
4896
14632
4565
14897
12776
8333
6829
17362
1223
17386
6886
18807
4395
13831
12536
11075
17402
18496
24738
13968
27512
11479
31718
31457
2154
5007
7509
27416
14972
29814
6028
7914
19424
32002
32255
18575
8248
21343
10997
12990
2742
9224
26324
23256
20353
11669
5279
31588
21595
16083
1981
6843
17538
23322
26364
29188
11219
30939
16597
16483
19765
3705
13554
24174
14389
24922
22253
9697
25070
19261
11867
402
17708
27086
30729
14759
19921
27767
3205
20486
4983
29818
4064
269
10070
15165
20147
15492
31080
29412
27744
10959
6348
5413
18074
4712
21353
5208
12840
12685
30931
8910
29925
24630
17522
1124
8460
3658
13025
7768
13746
29202
18068
14683
10388
31470
32702
10727
15635
23623
2929
21202
19581
17604
28167
13860
25486
5569
11458
2086
22839
12029
15023
30907
17053
8850
11472
9971
26725
25899
31097
29406
8495
20081
18171
8606
13664
32198
3456
1984
12325
30518
4150
11725
16821
3242
29104
8987
5846
26463
26505
29417
18850
17815
20810
28587
20363
16527
13965
18595
2205
11952
28771
7601
21507
30217
500
1388
19917
25341
25701
14705
6640
22329
18943
23804
24718
25834
7309
4533
24440
10796
15109
20172
13554
197
14955
11847
18358
22035
11763
9371
28731
16195
14950
22138
18230
7620
30918
237
15714
26619
27701
10146
24700
27193
3859
32135
29074
5098
15207
15256
12414
9487
29312
23028
174
20462
18396
24375
19238
8967
29512
14852
16839
20299
20041
22753
26577
7817
16571
29768
935
11817
24760
16122
24018
16924
18875
28823
29001
17427
28421
24172
28911
17135
27968
5772
18014
1657
8035
12578
28131
2900
31445
19461
21449
31536
30421
25741
5851
30015
793
934
21540
15085
20917
28706
24569
5324
30783
23380
4154
973
11313
15322
31700
4790
7822
19130
21386
23504
15049
22193
14326
5856
19682
25031
12490
17241
21202
15655
10588
17104
32041
5934
5730
30640
8950
12226
10489
15407
11495
9957
13037
17793
15281
6537
8244
18251
3506
166
10683
27482
26581
1675
9574
29077
1463
18034
5970
3120
21768
10838
26717
19491
51
23305
26088
12763
3137
30337
28379
13871
3578
114
29162
24469
14926
16675
8471
14230
22004
1658
32376
13439
18513
31576
9787
27482
21915
2349
31207
7708
17470
30659
4324
31264
29055
16222
4670
6868
6495
16647
23462
9395
21954
22821
6586
3187
6352
77
13702
24191
9884
28251
15178
6823
20995
29634
7805
30742
216
32032
32531
9605
15166
29974
21500
22959
19028
30806
7917
18437
10776
4093
3426
19874
21125
26148
10980
27265
7167
10417
2183
23278
17137
3699
32184
25914
20149
12911
26165
12211
24500
14708
349
13011
10446
30198
22186
7096
6140
32281
17276
13012
29235
26635
5656
6886
26252
8343
23024
31785
23715
4087
14629
28619
572
234
5962
16288
23597
32263
18795
19992
24184
6481
3917
14959
20407
21003
12792
5411
31677
3278
27507
14507
31098
20952
31695
6758
2079
17831
3942
10194
18307
4039
23141
1022
20421
9192
3464
14658
27700
8499
2085
13101
32107
15326
27500
5311
18112
25854
29421
16088
10976
9373
13915
6897
7091
23053
14479
32266
16774
22139
26575
14307
7528
1479
29521
8815
10964
6548
6651
17798
17553
27291
22125
25306
20695
1092
3137
32300
30899
3703
6801
13760
28332
2479
30650
32526
2215
4433
14944
7098
12552
6205
13235
23238
29466
21410
32496
31239
9905
18454
10794
15317
32526
11494
23626
1287
258
6570
7253
5919
9303
12829
7661
15041
9323
17452
14107
28266
17438
3149
25419
27998
2286
5138
30616
8930
12641
24318
27722
23980
27300
22935
24477
22424
2417
16060
13765
26012
18997
26425
31278
25598
23667
14233
26120
12996
15715
8252
12291
22125
9696
25513
2391
4318
3969
5924
27656
1695
5381
4484
7784
17479
12788
15423
4061
14389
9603
31431
29412
29825
31928
7193
14422
19762
2000
2706
20459
9906
16094
11781
20988
2175
22964
13324
30349
18466
7942
12955
32138
24677
11981
22747
27729
18625
19434
8757
17521
24854
26892
16300
6065
17823
31955
11121
7509
7972
24886
6833
11420
17265
16930
16818
16525
14856
24419
7710
26867
30995
9672
15263
19623
28316
25474
9899
8461
10752
7118
418
15073
14753
15828
28694
7220
4316
17102
19561
9137
2619
30572
23454
16677
23019
29815
29545
21311
1136
2742
18056
4756
11671
9742
19286
11749
21420
27628
28830
31653
19182
6376
5293
25782
3392
24994
29355
27764
12833
23280
31275
31220
8926
11580
17664
18061
24326
5927
8018
5528
25887
882
22002
6517
5015
13855
16107
10703
5630
21715
12378
12064
12914
20095
22911
26487
2906
26175
12819
26745
10583
25987
29660
677
24951
14700
21120
27101
27564
32633
26007
18210
15741
17762
30979
6048
31996
68
14212
31978
8184
32511
25479
25222
2931
23516
4671
7340
18262
12660
7415
25675
6756
5837
15527
21581
8813
9925
965
19484
15556
5812
10845
23397
21235
8269
24676
6940
24492
17093
6730
6080
16387
7992
3022
12512
9435
29768
17686
4574
14494
32007
9727
10227
19762
14103
7090
14707
9768
21519
23672
594
13110
23073
5583
31208
20199
14330
16573
9713
21905
20458
4196
7896
10376
15941
11991
10549
29073
24329
15404
2196
15001
22208
17362
28536
11687
8872
7205
12447
4368
29714
25664
5512
21482
23304
5138
32307
16066
1074
21173
11816
7314
3579
1786
27322
28653
14575
22089
20109
2173
30567
1448
30294
3247
8297
28953
27362
19373
18890
3369
27738
27533
3477
9926
709
18375
16049
21841
30670
5101
20669
21236
7623
5782
30527
12086
2031
4252
16382
4044
6128
9351
11436
29618
1196
21064
4040
11387
15929
23339
12483
486
21290
8711
31586
13233
15121
23479
15971
19890
10818
9166
15715
547
21209
18823
6655
32318
14078
26875
22586
27914
28775
9367
542
7284
4383
4812
11943
30881
390
13320
28636
20867
32666
1254
27711
7850
9076
162
10087
13661
3349
10191
15852
9450
8035
24396
6275
11578
27759
15220
23146
936
14073
2965
3847
23059
11574
14755
23244
23602
16593
21038
13149
5928
16431
18578
25333
32601
5367
19310
23302
2171
19410
15703
6687
1008
18799
9677
10515
14675
20683
11885
29528
27985
16047
105
32429
19130
7802
5686
17919
25047
31776
21892
15246
12799
6003
1395
13900
29029
23713
29956
20101
1844
17918
26061
28101
27614
2820
3826
5623
25520
16536
19536
9162
18347
20111
19963
4185
20623
24177
23531
30218
6200
10109
498
23734
17709
15341
14321
4363
5239
15227
23116
2863
13743
3875
1691
10406
11611
4651
12451
15734
12667
19553
900
16521
13406
8612
25395
5970
4538
6821
8747
17588
4604
10991
16224
32543
14301
6181
16501
29180
3126
26251
31790
11851
23573
28360
26920
3722
7440
235
17608
4569
27609
14507
9841
29277
22803
26355
21242
31458
30820
13470
25695
24516
26060
25215
6582
7951
13621
19108
25445
11237
75
1755
32659
26912
1677
24694
15068
14137
5028
27980
10569
6505
8180
32256
27519
13837
24434
16774
21558
13903
12981
16866
493
18691
11855
7731
16604
19663
11357
9713
18731
25999
7261
14707
11617
247
1344
5044
3359
3706
28096
24918
24590
28267
7924
18663
27926
23651
29986
18532
16849
22754
13012
3067
15935
22073
2606
8725
2235
11431
20606
12436
32301
6594
4117
3929
29314
20248
27734
27658
21849
21527
3084
23314
3839
16170
32257
31209
10654
2597
19404
1685
6833
1507
12010
4209
16571
12589
7184
9773
26937
30430
6336
9494
29397
5957
3867
3479
24540
16587
5110
256
27890
7126
21295
19591
5
19949
5697
9613
895
14364
6423
31522
448
29850
8478
202
5323
22441
2718
22145
32319
30654
16458
29182
31626
226
20758
11573
10841
22360
6216
7711
4434
19840
11218
7101
8454
28923
1247
5211
16673
13072
5804
6418
15844
28750
18329
17040
10710
7027
128
21276
1974
3981
17989
14804
20659
19807
4526
23353
10976
10246
22901
17134
25570
9437
668
8893
1003
4765
11009
17115
3309
7113
562
18285
14855
22601
9346
28490
21316
8788
11357
12291
27012
12948
28120
21281
3770
18309
4236
30893
24152
23583
31653
8950
27144
12724
18486
12174
24221
12571
11728
24982
30025
26382
7506
24891
1296
8145
32258
21633
18556
26132
16605
30016
11155
26907
15916
18539
13830
3612
4440
23192
26027
12521
26367
9661
3373
22478
28999
1080
2819
24253
30323
21779
27806
23976
11700
13701
20967
20015
24129
29628
9448
13435
29865
7897
31177
20330
616
22589
11007
5100
23481
18947
1472
30637
18348
26317
6842
20212
30328
22212
1796
16843
12818
13786
18773
7264
31999
1875
30580
32427
4966
643
26607
12113
617
7385
9232
5576
18869
29980
13837
8124
15192
1013
10111
5554
3540
13742
17429
8940
21617
20793
29834
5260
20951
20596
17876
5116
22747
3499
28831
24716
12186
27230
29945
19549
10436
21317
7759
127
26427
17810
920
19542
32733
14710
22480
1090
28061
5606
7848
13182
3033
4511
6524
9545
2792
9576
133
2372
4850
29591
23632
14108
2308
18646
4974
21864
10851
6695
110
26581
29217
9254
9224
2176
31983
3982
18331
20643
24370
16127
9178
13428
8537
10751
24513
22090
22125
26942
31695
5378
233
22558
32111
22945
14797
28530
28343
26682
19950
15750
1620
14355
17808
8033
3013
5891
2614
8006
19400
7198
7865
7297
12562
11669
7576
8288
21827
7639
29071
1151
7705
9212
31851
20040
15076
13156
8220
25531
5690
30363
24076
32107
4075
29056
175
31177
4919
3751
860
30117
23871
7163
11355
19954
1978
31400
3391
28362
11241
1592
23925
5042
12749
30459
25374
23838
8087
17325
24090
24376
32096
18003
10597
3549
8474
10342
1703
10728
30407
23091
18438
5044
6377
6530
19519
9948
19769
19318
245
837
14747
11700
24393
26463
25938
8903
5802
32679
23152
7620
23022
20337
31633
28969
674
5860
25033
1291
32415
23110
22235
14449
15326
28282
16300
29179
1678
11974
2807
9159
3427
16346
30785
18068
48
1038
19216
4136
31928
9452
15960
26864
15810
21998
19510
25831
16491
13448
7648
17336
21440
26985
14301
15399
18060
28415
13937
5805
10095
8505
11868
23394
19248
31376
1476
5921
3412
8776
22895
31718
32496
12275
16949
24698
30651
18488
3765
25427
15719
30418
17736
13493
13618
27099
563
19486
21432
29259
1569
3297
16139
28092
2256
7697
22277
32112
9226
31136
6109
11924
27351
30408
2809
30662
241
21418
14851
12246
18040
566
22591
25033
27623
15434
5660
8740
583
8990
21257
18791
23458
28127
8585
14295
20411
27546
20874
1664
14588
23644
29939
18811
15792
26008
4732
18285
14706
9672
31426
19024
23269
11095
29595
28022
18854
21183
11686
3274
26751
20463
14375
14682
2014
26351
26386
22290
7301
6086
24422
18378
20098
16796
15804
18308
29794
284
2848
24046
20130
19996
29727
2351
5990
7296
30241
1503
14957
1115
30458
22615
18757
13656
31419
31532
32699
14681
27598
22262
27798
19037
10562
26454
4741
16295
20323
12599
5461
22045
28302
28243
18279
22510
9283
4601
11106
26487
19068
2830
15909
29032
12605
26451
7424
2594
5741
15333
23587
14948
20452
30474
8534
32551
23493
32554
22251
198
19214
17180
2801
17762
14957
8100
20139
25221
19798
15929
10817
29189
24402
20747
30900
20012
24474
20548
16407
22805
2788
7310
23037
21337
30589
10966
46
1516
10136
7504
4510
17217
5606
28092
9119
949
28774
3303
13141
8490
30079
7028
2922
30194
10060
8156
12804
25328
18743
23988
29428
249
23497
12847
23089
384
2752
6627
12932
627
16738
17360
23684
22880
22802
21918
4549
6620
5665
17702
26701
23333
26342
27444
10823
262
6417
13195
22012
3067
31036
3626
23038
13462
4291
1486
24998
22049
30166
8120
17857
27781
25036
26800
30087
10603
442
21322
27597
25760
13637
19304
1147
27582
12212
8960
17983
29961
12106
15392
29827
14743
16082
5167
32157
31412
13691
5237
6470
30340
26854
19422
11086
4074
17790
30202
16014
11689
16648
29513
11293
5321
23418
5814
17095
16957
8721
27745
698
1986
26782
23969
16771
28682
11553
22090
19001
11802
22936
20267
19960
7153
22553
25051
14481
3178
11551
18870
15744
29795
3106
30242
12575
12063
6762
4631
537
25065
21540
9438
26400
17146
18358
12312
5347
18333
6992
28419
4154
32145
4291
6905
28836
5039
31639
22841
9972
21964
23895
13802
7239
8161
7216
20573
15673
3178
1979
7315
17753
25099
8214
24063
24282
1145
21305
16268
27275
27800
9351
11490
1033
27617
29348
20709
5682
16135
20359
23935
5086
13274
7888
160
10442
26219
28251
10883
30421
22897
15637
2354
13167
28139
9230
23884
14670
32263
5584
3078
25186
8003
10224
4720
15884
20434
6882
15866
30603
4929
5137
20022
183
16986
15919
25567
21745
4681
17354
24859
26714
5885
22561
7933
5955
17617
16949
7246
10725
13676
7715
2445
16466
13285
18608
22068
15020
21547
10534
9021
29077
6565
19807
16101
21222
28949
3103
3504
13988
450
8615
1197
48
6614
31366
6395
24509
14853
8371
18572
18439
1135
32473
8233
27715
4808
28146
25270
23121
30646
16663
13752
1337
28538
17302
30484
21461
979
23878
8217
1995
10015
20759
22977
4287
2756
18925
9780
8134
13518
10671
17294
3869
6362
20122
11234
29211
14386
17116
22143
24932
3385
2654
7794
22368
17930
737
29260
12523
4700
2636
12581
9806
2217
24388
22752
20590
26255
28670
27057
3652
12406
2897
8925
24205
29811
10256
31937
451
13420
13974
1046
30795
15229
12450
31347
12528
25243
23398
24595
31632
2167
28634
19161
5141
16549
7510
11921
22951
32254
6752
31353
1569
15427
14275
12288
31169
27907
10721
22221
28451
11198
31817
29187
11120
32074
25484
23236
32467
7798
24909
9204
10540
9710
28312
27455
30473
32094
8309
15197
10962
30170
31420
25492
1603
31614
25898
26751
2079
11345
30389
29199
12835
22127
2845
23247
27449
8552
22212
17516
20975
26339
27839
21876
4903
32391
27437
1118
6416
283
16839
5067
9813
18155
18105
9227
12692
9582
3505
32227
5393
12327
13621
31373
26284
201
7737
11521
3088
19102
16881
12403
24366
15657
6628
16413
30442
31243
20034
31806
26643
8739
7799
99
4761
15865
14336
12005
20218
1373
28541
21939
4094
19019
4104
4177
19620
2834
13510
2849
18012
28597
24763
3042
32630
13970
18659
25462
30171
21569
1150
11496
30203
19135
6059
32173
6662
31692
3128
27434
18783
31377
3257
2423
19534
8326
13783
18275
18421
27027
4587
19384
13957
23414
29388
14272
12209
31844
7652
29447
5475
7411
32394
25699
30894
31031
21132
15410
19205
29995
1290
13283
12202
30803
11147
26296
360
11424
22858
10185
24709
9364
15569
31053
23795
11430
15305
2325
4294
19432
273
22105
16107
14311
12557
25783
18966
16339
14401
8313
6140
29408
26654
22551
13507
1515
22043
28412
19126
15457
12552
11661
16958
22621
159
21096
7693
22032
861
18665
26525
30310
7824
10483
16345
23782
5296
25581
26650
17627
30194
17162
22356
4529
32539
6862
12178
16033
23186
22478
10143
29073
30650
18615
15622
13621
27774
18833
16957
7803
5422
13381
7454
24870
26249
14941
18838
6072
9755
3084
29857
17046
31945
28782
17270
16999
6058
13072
6910
20925
19224
2739
31627
16887
27655
23885
17607
32614
21398
1361
30187
8366
16612
31792
15921
1391
3365
3616
29067
18469
26101
31516
13717
1869
491
10540
31432
18890
882
19430
5617
646
32212
9525
3554
30556
20632
17241
29032
3894
19726
24623
18813
19314
23080
17843
31678
28811
2699
23491
12575
8693
22758
17190
5341
30024
32387
8652
32692
16545
6172
1111
25427
10309
3311
30939
2573
12168
27668
18146
32465
20718
13327
26804
12636
24975
14498
10709
10925
17344
6885
3790
26041
11503
1944
27184
8289
719
12215
17111
14497
5046
12111
28524
27146
11843
22161
2861
32626
23619
2340
10225
19690
17621
10176
24934
1520
31181
14329
13726
17382
13399
15960
18122
20675
17629
32432
27205
2569
14890
5807
10452
28663
975
9908
5164
13567
5061
31968
5556
24954
17237
30320
6797
24475
32565
2890
16592
929
32500
14293
27158
25681
2967
14606
22334
6052
6533
20185
12650
10173
14752
30868
9291
21533
9653
24562
28063
29466
27670
26119
1527
1933
32389
1695
18110
24268
10324
1492
12663
19160
12235
7136
15430
19671
9930
4911
18354
17348
11951
3257
8617
29541
13178
24206
14788
30589
25136
16562
27341
30532
24189
15404
32127
11540
31644
4186
18572
5733
31868
647
4581
24571
7963
19391
5429
25182
30518
6370
21422
17035
23589
20728
4361
2793
28161
5572
8648
20606
30215
12956
28351
14435
9793
28024
20946
29045
31843
28232
12288
30286
19443
12427
29857
11124
13228
13085
20971
11727
549
23120
27323
25953
19886
14399
18835
12337
17274
12127
18654
14728
29188
9047
20604
20832
4779
11282
3194
22554
5791
32530
289
4719
31489
775
8243
31145
10310
16800
17265
23571
24797
11169
12384
25006
785
25398
2381
18725
8752
134
20367
28931
15085
1164
23308
292
1795
28194
27391
18537
13339
9567
13304
8880
496
12579
3876
31492
2993
27376
11982
15888
16551
9468
31782
20698
20503
30340
577
24494
3178
8802
2658
6487
2443
19426
19832
10902
31377
28114
24295
3532
4766
18392
13451
762
27910
13833
28666
17387
16564
9910
19722
18608
25290
8841
22932
12365
23688
6865
23159
8626
6255
29211
479
14573
27302
29442
23239
21661
30876
10568
3516
22442
17391
20773
25316
13107
23693
20702
9536
19656
32281
28826
19246
5338
7312
17522
2098
24943
9260
31943
11253
24858
28808
4312
29326
14891
16134
30611
10753
10787
8302
25260
20741
14699
11735
12269
4875
22341
1227
1229
17787
29186
20134
18499
19009
24438
22335
28380
31624
10665
30410
19724
1221
5071
21245
25537
19704
27514
15218
23358
22063
31247
9549
8231
13899
10870
2590
22232
3334
14102
11785
6395
6965
29697
4388
12634
24395
2411
4128
18929
23327
12897
30764
16456
26351
21432
4630
5120
13732
32579
26803
9131
28247
14153
20098
11233
32533
1589
26252
15504
3295
16016
13454
6291
9461
30509
30810
13190
4949
6051
22651
16857
638
2304
8216
3876
18553
24252
5147
3770
1306
3052
9105
23169
30084
30904
30548
5121
8427
3087
9448
23482
17054
32154
2212
21179
5444
1006
2834
23152
25445
13061
21912
1724
301
7919
14935
30279
4973
5829
21331
1306
18403
3039
7380
3433
25275
31046
3853
10927
17749
24428
31484
13057
21065
10267
11921
23195
21161
1708
9234
13760
16518
10361
16574
3265
6837
18837
26289
13915
9682
442
24071
27717
16006
23938
22852
19978
8454
6106
6388
1557
18908
1972
29326
17674
21482
5629
16030
1885
30636
20431
29219
22813
4029
26855
26422
3088
18077
16985
6381
5125
20913
18818
22143
32102
23947
17215
12713
12813
3948
22364
11344
88
16391
28752
26983
6272
21384
17191
25875
29734
21205
5055
30733
23599
10772
2359
10825
210
12397
9893
6357
22511
23825
15367
29443
13731
19835
25469
21194
21273
246
24245
29802
14243
27999
26790
4431
14345
20780
20353
25144
33
26285
27364
3224
23199
23698
16977
32572
11055
14254
30688
559
20161
506
19248
32219
22052
27357
18595
15728
20183
15530
30923
12426
3612
19307
9247
28686
12877
16605
32499
2644
20083
27067
20903
23180
29717
26687
28958
28506
3918
28647
7025
17604
18722
28277
3301
21838
25618
17977
24859
18019
18158
32146
5255
13303
10731
1971
14883
24427
6646
2723
14693
17841
17991
18055
10350
24752
19512
548
5764
6122
30040
8352
23234
9308
7099
17544
15118
27557
10389
9240
32588
5739
24839
29366
17617
26107
30009
959
9755
3375
1449
2694
2751
4245
4803
7066
13218
29133
2737
21320
22380
10803
26996
17761
25402
14527
7988
6718
13204
18217
12500
32000
22942
10832
18122
16156
16530
16860
7726
21784
18285
31522
4112
4239
8937
31561
8975
15227
7084
13483
23335
30900
31935
27518
15307
3507
17985
28084
12340
31132
30813
543
19960
32124
2681
21209
9694
31182
25264
22243
5873
17733
24963
32524
22483
24773
21963
10773
10836
11442
27890
9234
27971
878
29539
13587
133
23837
31039
772
12131
24748
12114
19154
5416
1553
4165
13520
12268
11732
10773
18520
5547
20942
7108
17077
32666
13105
6990
21824
8122
10696
6110
3786
29869
30848
19522
29754
4041
19240
21916
3191
363
16757
8795
25481
24461
11081
19818
18683
6811
23092
14759
19843
5251
11324
407
17381
11788
13273
3928
18708
15976
8516
28887
6042
10508
20721
15427
10811
1471
9050
6337
29141
3825
511
16225
8843
19023
13739
2128
23586
8084
29176
22608
12715
20898
14869
614
21603
3537
711
29138
26071
1415
13742
12356
13644
17929
31178
7245
27741
17040
25918
25620
28390
17568
31827
6218
29217
13973
8639
27488
3855
31871
23592
28919
21530
20271
5348
29080
6648
19858
13315
9893
8146
14398
15759
29327
12966
2891
21522
26954
25578
27236
17497
15614
4978
4893
32376
25344
20627
18823
8206
1280
22153
29443
29642
4740
10262
21331
2606
1685
3692
8183
20371
13751
32589
23990
17262
14367
11889
15483
13521
17441
20008
25954
10293
3304
17216
28435
19062
31081
20521
27727
5407
18329
31575
18632
2024
28638
13544
26678
7037
23748
32647
15271
20865
19186
8336
16662
1491
25948
7028
8512
25872
29114
31840
24499
11353
8504
13849
20776
5718
22895
5931
19474
6522
2452
6722
18295
23433
24559
5592
23551
32344
29583
3856
23371
10709
13885
13282
29063
30534
17070
16505
1347
8662
23293
21465
18814
8269
11096
30661
13828
3103
9465
24544
23035
31144
1367
9234
15544
9654
23966
31277
16599
7240
11869
13009
15754
15509
27519
32141
16945
15952
31869
14406
14379
7211
3282
19933
22252
1946
16558
26636
7760
18905
8686
30865
19247
13872
22860
23951
31282
4470
2003
9521
27877
4820
21655
13456
9485
25035
674
21975
19003
13688
9009
29093
3489
30999
14369
30642
37
6599
23204
15030
3764
24972
14904
17286
6361
922
2010
24448
21902
15825
8566
28202
31314
13188
4515
12822
22651
25982
14221
10505
25806
27463
11058
12123
23885
20899
12754
29345
336
16988
22176
30602
4055
22849
31678
14087
31
19055
30568
5807
10355
15823
4464
16481
18245
992
29930
7467
8829
1975
27176
30570
12561
8772
27881
2099
726
13014
29389
29682
23190
8417
30220
31313
11874
11008
6248
23900
553
10038
29280
17378
20618
6265
25255
6942
30183
15729
29140
15254
20923
31869
7771
21828
4653
20727
9404
26356
24037
7609
6138
17645
20510
2271
24143
29395
31484
17615
26142
21708
25632
27255
10025
31714
12155
18646
17412
4521
27743
19902
24522
10017
14556
27608
31758
27357
12105
8680
29460
2661
21025
1874
25153
17114
27153
478
6353
25816
2638
2232
24264
20384
12076
6331
10283
10103
10989
15854
2159
19273
21718
22095
31282
19858
11913
29136
20265
29823
29582
29600
23642
1360
18227
22699
13963
24320
29846
18276
4858
10280
29952
19650
8270
5153
12404
27272
27598
872
11400
23242
9937
839
7540
11437
24693
28850
3433
7790
1940
17008
3620
22694
18676
15995
10434
28364
7614
7848
32726
18683
7730
26762
22457
23285
27800
31892
31009
19561
19578
8319
8693
30321
14864
2283
30816
23135
5628
9801
13349
30137
14648
14584
29234
6018
1356
28846
26231
6843
17604
6938
24568
10794
28641
9672
21281
29018
10639
30532
24154
24291
2199
25474
31964
23531
278
16253
23491
7405
558
22559
1380
28602
7163
20577
22240
10941
16840
10931
29690
8578
31875
414
11557
17018
8559
13224
3041
16888
24857
1656
31048
30336
17037
1338
13028
19009
24265
7749
452
26080
28786
17403
26575
30839
3014
5361
14168
16606
4818
20305
18674
15401
14821
4988
17285
7537
12356
14835
10913
29400
16671
16503
10003
7111
196
4719
15798
29818
23059
12427
26764
23231
4146
31655
17933
28666
2178
9970
21183
15469
28881
5455
24839
6070
5585
9723
17215
31385
32200
13424
23560
7680
7050
20362
2274
2880
11685
27625
6906
414
7643
5526
21058
21778
29909
25833
3783
10827
13845
15018
11328
13298
14381
1910
15330
21811
19758
8804
4220
19834
20324
29417
20671
20858
26176
29177
989
13684
6038
18031
19543
3254
30985
175
17679
25186
5571
14730
13477
28528
23657
6242
2816
29174
10573
1166
23851
2471
16614
1535
21347
15770
20094
6436
15726
3918
15147
31244
16686
16106
28928
10955
22389
9417
24196
14622
2843
17461
20067
1874
11854
31603
26468
7265
31274
29953
26779
16223
19593
15899
30176
25108
30749
9859
2176
7915
23228
19842
22578
19979
11770
42
20556
30147
17917
19679
25910
6699
12941
28694
24095
12296
30315
32347
26352
14065
18660
28569
32382
16048
5541
28566
5380
23531
11985
6077
28368
20484
25937
30240
7996
26685
31596
1469
12256
22560
9623
31744
18438
4894
3470
3978
26718
26998
2979
7217
3828
27736
2646
18504
22366
23882
18471
3872
27450
11468
27560
21710
22232
19511
7638
26415
5683
22251
7849
4138
28198
22185
2026
7477
26076
10046
12869
27
29833
15714
28831
27900
14167
21727
5546
6549
17316
18934
30646
449
26986
8702
26314
21824
31230
1870
18675
29368
26366
15453
20700
5113
19844
18984
671
3973
16800
28116
31451
21328
28166
2453
11271
31940
23555
7374
1541
12808
30646
1914
15354
8322
9340
7370
7262
17563
30124
18703
12111
24258
24453
20187
3883
14771
29796
24419
12125
9721
570
4648
1399
20145
9278
32727
18562
19346
7391
1133
14993
5162
3069
27806
12445
14442
21848
4728
19596
613
19273
11588
7571
25941
29104
22701
6846
24031
27949
5924
11213
10136
29331
21378
13378
27591
19097
9711
21688
19821
15827
24579
22134
30338
31969
9260
30020
2690
22759
3152
31614
8744
24637
9139
25702
13433
13159
14362
30910
4357
9799
17969
6551
20330
401
1322
11620
22553
30848
21927
25426
27229
9927
6106
16604
17305
10955
11498
11673
19409
12303
10137
29017
27499
32239
28709
22641
28215
24210
24427
29267
6062
29210
5458
7778
19575
16925
3687
23300
30000
10585
15557
2808
32362
25507
10296
9450
6645
23073
22946
324
9567
32697
5533
14920
22967
20937
10849
21084
10390
20761
21737
5284
27233
1806
337
25558
16840
27424
27267
27466
22674
15501
23826
26193
22941
9295
8550
29128
19488
13132
20762
7149
13364
4302
7074
9841
7315
27954
15921
11982
28063
3300
13017
12506
13734
32651
23285
6044
18020
22400
10436
20575
19401
30085
3158
5126
16381
15540
10156
23199
24738
17077
3611
11579
2393
20532
4849
18940
6023
17810
27483
20079
15193
14299
10118
23580
23045
23033
18181
27484
25939
1575
27763
16491
19549
31656
29785
14014
27026
9400
29521
22167
4609
30915
24428
26838
10709
20181
26834
32018
25115
13394
17832
5608
972
7143
30007
28563
27655
30912
15946
5309
7582
6651
27863
13717
3028
23133
4834
29986
613
30788
20639
8407
20167
10717
26583
1639
3760
16791
7820
23515
18392
30424
13536
28129
11520
9966
29235
2151
13363
8776
3468
19816
25164
23014
30010
28166
28600
270
14779
31194
10877
30529
8156
14472
14715
3693
7714
16790
9458
356
18793
18046
18501
11917
29899
17153
4350
27353
2243
1983
12049
249
21906
21253
6757
12495
25826
27622
4496
17186
3754
29581
30179
1429
21841
24785
10406
17114
19734
23050
19876
2851
4783
24867
5867
24793
5424
1521
32205
7569
14127
4803
3370
9020
2854
26427
8434
11677
12056
30044
16101
22529
2936
5347
27805
11050
31046
8411
9935
18316
4987
4972
24014
32700
14247
5108
6992
30501
31193
11097
13685
6397
4031
4765
13061
31607
30478
20402
17657
826
23332
5264
31038
23315
32237
5254
2741
5094
10243
17357
29310
235
25625
13667
7798
9238
2457
2838
28926
16087
23180
11231
28159
23300
14523
13426
14635
24596
13843
22035
18821
2189
1102
6059
30243
19391
2000
11547
16434
4019
4559
22736
32316
14175
1463
2968
19622
24859
28109
14004
26493
26969
17170
1070
20850
1424
27754
26989
27682
2937
14589
18438
26011
14462
23006
4309
7964
3440
7915
7501
28957
4728
31476
13068
28815
5968
4895
26034
6501
17330
23946
19188
595
3089
4915
13548
32214
24200
30997
26291
19572
7184
17556
30514
17477
12789
7963
22069
4530
26507
3332
10177
30077
13341
15288
27048
9218
12582
31511
5978
10684
31939
26138
16382
30986
8297
32438
17090
1331
20435
16644
9583
3752
5183
29088
14656
1162
14298
11087
500
8044
1401
28644
4898
6490
12425
16484
22477
10010
31049
104
30776
5809
24887
10435
20987
14122
967
3429
13911
28050
26459
14975
25287
6983
23152
11496
26583
14707
12565
27072
29241
19923
30370
14675
10774
7357
26534
2367
7330
15457
18465
14810
25587
27983
27124
23246
275
23609
30613
6918
7252
12538
22279
28622
8163
3800
14602
14133
24736
27142
10383
22966
18733
22125
11886
12056
15173
13229
23899
10899
6992
23134
23063
4660
14900
11931
13283
17795
4461
15297
8506
22370
1376
15732
29887
32568
8684
14819
24181
9551
1347
4429
19758
3707
27896
9925
1094
27389
6489
1586
14736
19622
31486
11161
20369
18496
24226
20383
32748
17961
2866
23881
2590
17985
1572
29959
14955
6918
29194
8433
23832
24574
15207
7760
29147
12118
1985
24672
13200
23240
6903
12372
18477
11202
9941
3739
11512
28356
14566
14690
13048
19977
14985
31834
8105
16235
14151
11707
17908
2433
23908
31881
11101
9226
27828
29718
3455
30606
1968
22728
23477
16450
6857
16924
31003
6189
19965
5611
23221
27785
13479
18668
21997
25196
12187
2171
13123
28327
13682
12696
22848
9454
29987
14643
9131
570
1748
27047
15104
13932
7919
6532
30
12595
30583
16273
24640
30255
25501
2065
9518
31831
16782
20294
5557
7320
16016
9524
31316
21438
8525
16039
23096
23448
3694
30583
1131
24407
31596
18955
14664
20280
17315
24604
2098
5987
5033
8379
13701
15890
7901
24470
15565
11509
21315
4471
17206
10710
32655
10765
3652
17017
8063
1775
21188
12230
17006
3038
28675
29737
16423
21578
27453
14650
12279
7704
16216
12441
22022
20899
21714
31772
31462
19201
13817
24877
24941
18567
21338
19309
20160
8847
27771
25246
22705
12408
28877
14271
28235
32495
27868
19832
20138
15213
22473
32697
25105
30977
21754
3743
10550
12880
15888
20631
14048
11482
2329
20421
26548
8575
24327
22183
19532
20033
30306
12277
31114
21835
1593
7628
13100
3379
25950
19468
9376
9852
10707
16895
7193
19039
23679
5947
31714
5834
5413
28617
22003
7082
4759
902
26050
15718
8999
13514
23643
8363
29023
31304
12979
879
2290
8245
30265
10032
10225
9389
17327
12413
12354
13138
25656
8120
19791
1078
16562
18202
8699
8699
8005
25079
4826
23352
24380
12612
161
25375
10004
16726
1755
25949
14547
15596
4830
4418
24732
29040
26366
24610
12671
26746
24064
6907
1173
14998
722
25431
28237
32583
20601
17268
7681
32332
11850
2467
23501
1569
31837
29422
6304
3017
17471
26877
17555
30667
25063
22331
24442
17531
14571
23348
30649
20858
18932
21569
2906
4224
15472
5736
32604
28505
12422
17534
8525
9006
27983
5518
26395
14598
16195
2431
24871
3980
6897
20720
4763
7699
22516
27751
9214
11479
6178
18091
9221
25222
12038
20078
19116
19199
7569
21295
29318
15193
30220
10591
15441
14119
15441
22979
4302
15098
5691
24601
29904
4136
24667
15614
25490
3532
31468
24335
9037
27406
25353
10063
18442
1701
27678
3273
22709
18330
11677
9078
19060
31566
30962
2656
17975
21694
27576
1288
27791
28934
29229
17413
3011
1316
19939
8431
31777
6399
29881
20859
5778
29608
23562
21991
31089
7391
1060
9881
3997
6105
22524
25859
3533
15168
13600
5065
23076
19068
12268
6694
4614
13361
26625
5772
8745
6664
243
17546
9455
1459
4930
31219
31475
28459
10636
32573
20961
30780
7680
18215
3468
324
27670
18846
18234
31544
19069
1506
22338
6887
8533
28645
7386
20867
12447
19700
30762
11869
31474
17304
10917
3568
18543
8895
4504
14881
22007
9239
28419
24517
1179
11707
13481
32100
7507
22289
1379
12092
31987
13554
24761
31881
15452
12556
11443
2564
10479
28805
4589
21930
8520
3553
24042
24510
10792
10790
24490
25873
20402
6462
29311
3713
9947
11676
11036
14784
796
26403
23279
16215
13417
2371
23985
23018
24935
23653
25915
4797
20954
7817
14235
22391
15708
26413
4967
7462
29269
625
11857
13444
26919
1914
508
13177
6057
11796
23310
6112
6359
10139
24199
1934
31944
32539
31057
20880
21728
17590
28183
5301
20550
2118
30043
12109
31896
26436
9155
23599
32478
12777
2740
8449
22717
27538
18210
29107
3566
10857
29351
11597
15854
6722
10962
22507
1526
9923
8897
13829
16173
4296
29426
11508
27933
29445
6998
3250
28771
31214
27559
9954
20907
21203
17916
22288
14556
5712
28571
24633
25744
12772
25614
17294
13767
5344
24185
29813
9180
9347
3370
3537
11448
15203
9074
27779
5445
14350
15795
21297
3621
24306
19387
31557
4261
4986
30032
14137
2028
11386
11532
2579
6777
26573
25964
22571
10188
16701
7203
5428
20066
12450
12212
4986
3559
4942
13119
22633
22952
17577
13467
6735
12103
10777
10406
19299
1458
13861
29145
22021
10325
9945
13600
28231
21135
876
28904
7341
8035
7456
2681
26161
8561
5994
17798
13706
14116
15187
23042
27054
28460
6686
7222
11670
4399
17195
27409
32065
7867
4379
22719
31739
24704
21045
16765
32735
21436
20488
17579
30363
3062
31314
21538
1907
23791
14625
19913
5769
24790
10808
21347
3419
11963
19892
21675
3213
21830
26096
32675
27369
28073
3749
2857
9636
23251
20310
4043
9698
2278
11499
25308
32637
16620
32412
10183
3330
25798
2576
2980
3325
10084
10950
24329
9335
5436
2229
547
27324
244
8751
22277
25186
10338
11531
11839
902
9655
4867
25011
15193
247
3419
4516
1244
30125
9156
14352
32487
16604
4735
1600
9072
2872
23493
16541
1034
17302
2151
3269
12204
32162
23474
26078
9652
10448
32405
11051
31275
13205
26118
31964
3915
28374
30881
23339
2110
17825
14226
15268
22825
7451
28342
2244
6249
28857
12285
16326
29981
32435
7699
8378
30436
6326
19007
9431
27368
27866
10635
12050
8731
23251
25893
10992
25792
10603
2565
3480
16174
12336
23504
27948
3024
18793
20220
8793
24177
8271
28214
10285
13494
12154
12032
11817
4076
922
31135
4248
23556
5735
26676
11039
18396
21979
297
14740
29377
11166
28878
15123
4913
6338
1604
2895
31461
14768
30619
9767
7183
18018
12599
18810
29664
25299
13432
26939
32333
21428
18842
10696
5907
27489
2265
21623
27640
17171
32473
31346
25684
5207
28742
14790
8657
18111
183
22710
32367
1495
16601
11093
11211
29530
26569
30548
22432
18854
15297
18968
31118
622
28151
29967
11802
21935
28098
9285
17143
9445
30463
17202
22660
9854
24499
9175
15509
25999
26866
7177
25206
27078
5887
3340
7213
7072
21684
2403
30976
14555
26148
3303
27959
27951
28288
31511
10019
25401
3383
22447
13663
25016
22113
28028
25174
18683
10846
22382
26885
1178
12474
8175
26371
17765
31316
27251
12222
6042
3776
23376
25863
10587
26857
12753
30929
21854
9979
18565
31797
17895
29056
28637
24506
17395
24009
22262
2260
1718
20367
30388
24746
5960
7642
13072
16412
7324
32546
9907
23813
9137
180
19651
7357
14348
3416
31997
28643
24677
18225
28164
7001
21409
14564
12792
4751
31232
8701
24907
18181
3736
25230
26576
4363
29954
18968
10261
5580
5971
19887
26867
20106
24653
26970
16739
5419
9687
12473
30355
23029
6059
21226
58
26262
1615
5548
10024
21095
5702
3013
29217
3057
13191
2722
21739
7089
22830
9022
21926
1048
370
8773
7260
25302
20951
23416
8409
14168
22436
17491
27325
29327
26776
8685
6095
13300
31705
20001
7316
22473
3885
22507
29473
15009
27756
788
11309
22050
25398
27410
5738
6922
19169
19754
28694
11376
24757
15831
22220
24653
22108
19823
27041
10554
9364
24580
20844
19835
30247
15496
9061
3901
16157
5941
20978
10780
21552
6956
8125
18920
5760
14173
18698
24233
1928
12966
22344
29152
22865
19263
21221
24848
20197
25941
18279
8573
263
3317
19897
28980
23329
20268
4290
6475
25726
11885
60
9578
10681
13874
9668
13451
23158
29158
20525
18173
28495
19203
2330
11695
27666
4728
2252
32427
4649
14669
7224
13025
5977
31881
12637
20774
13488
2132
32212
19068
8632
22105
29609
27540
20465
19310
30825
1937
31358
22647
4732
16399
24095
8839
181
3684
11615
30281
28712
29221
5391
2719
17468
26861
25842
22152
9473
4953
12474
32327
18371
11095
32051
7106
9695
12193
19903
26152
5589
26756
9730
31958
31391
10726
21470
22908
32065
30343
5538
11643
1186
26759
28798
11922
24474
809
19259
5818
21836
20950
8488
23374
4022
30821
24920
24431
5254
6297
19978
9639
16431
12523
28777
17612
30525
22666
29814
9256
485
31905
322
17110
17889
728
24928
3695
21115
29981
3994
3303
29415
6820
31715
23985
15061
8748
7309
22058
16711
16773
8124
15668
32160
28239
20763
27169
31486
5124
1997
19156
21962
27449
12455
5410
14222
22048
18588
10110
17670
26194
23416
23766
12921
28619
23250
22456
29257
19766
24891
2233
12746
14700
13756
29719
6224
25143
9088
31389
31884
6235
31181
10695
1048
16599
18489
22311
24912
27496
11034
2823
9060
12879
15422
32336
19627
18260
31708
12203
9018
21003
17867
21477
28598
854
9970
9624
7782
555
9984
22536
30348
5527
23133
12619
23542
12291
20576
4013
20176
16311
12738
24146
7612
26780
9042
