3
5
7
14
19
20
27
30
31
31
33
37
38
40
41
42
46
48
48
51
57
58
60
68
74
75
77
88
97
99
104
105
107
110
113
114
127
127
128
133
133
134
139
150
151
159
160
161
161
162
165
166
171
172
173
174
175
175
175
180
181
182
183
183
195
195
196
197
198
200
201
202
205
207
210
216
216
224
226
229
230
233
234
234
235
235
237
241
243
243
244
245
246
246
247
247
249
249
256
258
258
259
262
262
263
264
269
270
271
273
275
277
278
282
283
284
289
292
295
297
301
316
321
322
322
324
324
334
336
337
344
349
354
356
356
359
360
363
370
384
390
401
402
402
407
414
414
418
419
442
442
448
448
449
450
450
451
452
478
479
481
485
486
491
493
496
497
497
498
500
500
503
506
506
506
508
511
516
517
519
533
537
542
543
547
547
548
549
550
553
554
555
558
559
562
563
566
570
570
570
572
572
576
577
582
583
583
589
590
594
595
597
613
613
614
616
617
622
625
627
638
643
646
647
648
658
668
671
674
674
677
681
692
694
695
698
705
709
711
719
721
721
722
726
728
729
737
745
759
762
762
767
772
774
775
785
785
788
789
791
793
793
796
797
799
807
809
812
814
826
829
834
837
838
839
840
841
849
854
860
860
860
861
862
865
871
872
876
878
878
879
882
882
894
895
900
901
902
902
920
922
922
929
932
934
935
936
941
944
949
950
955
955
959
964
965
967
969
972
973
975
979
988
989
992
995
1003
1006
1007
1008
1013
1019
1021
1022
1026
1030
1033
1034
1038
1038
1045
1045
1046
1048
1048
1057
1059
1060
1061
1064
1068
1070
1074
1074
1078
1078
1080
1083
1090
1092
1093
1094
1102
1106
1109
1111
1115
1118
1124
1131
1133
1135
1136
1137
1145
1145
1147
1150
1151
1162
1162
1164
1166
1166
1169
1172
1173
1173
1175
1176
1178
1179
1180
1186
1196
1197
1204
1215
1219
1221
1223
1227
1227
1229
1230
1244
1247
1250
1254
1261
1278
1280
1287
1288
1290
1291
1296
1296
1301
1304
1306
1306
1307
1316
1319
1322
1331
1337
1338
1339
1340
1344
1346
1347
1347
1347
1356
1360
1361
1367
1367
1373
1373
1376
1379
1380
1380
1385
1385
1388
1391
1395
1396
1399
1401
1413
1415
1417
1422
1424
1429
1448
1449
1458
1459
1463
1463
1463
1465
1469
1469
1470
1471
1472
1476
1479
1480
1483
1486
1491
1491
1492
1492
1493
1495
1503
1506
1506
1507
1515
1516
1520
1521
1521
1522
1526
1527
1533
1535
1537
1539
1541
1549
1553
1557
1559
1560
1565
1569
1569
1569
1572
1575
1584
1586
1586
1589
1592
1592
1593
1596
1598
1600
1602
1603
1603
1604
1604
1615
1615
1620
1628
1632
1633
1635
1639
1646
1650
1656
1657
1658
1664
1675
1676
1677
1678
1682
1685
1685
1687
1687
1691
1695
1695
1701
1703
1706
1708
1713
1718
1724
1724
1726
1736
1748
1755
1755
1759
1773
1775
1778
1786
1795
1796
1803
1806
1844
1854
1869
1870
1872
1874
1874
1875
1885
1885
1886
1893
1905
1907
1910
1910
1910
1914
1914
1916
1918
1927
1928
1930
1931
1933
1934
1937
1939
1940
1944
1946
1947
1959
1961
1962
1966
1968
1971
1972
1974
1975
1978
1979
1979
1981
1983
1984
1985
1986
1986
1986
1992
1995
1995
1997
2000
2000
2003
2003
2010
2014
2023
2024
2026
2027
2027
2028
2031
2032
2064
2065
2066
2067
2079
2079
2081
2085
2086
2098
2098
2098
2099
2110
2118
2128
2132
2151
2151
2154
2159
2159
2167
2171
2171
2173
2175
2176
2176
2176
2178
2183
2189
2193
2194
2196
2198
2199
2203
2205
2207
2212
2215
2217
2229
2232
2233
2235
2235
2239
2243
2244
2246
2252
2256
2260
2265
2267
2271
2274
2277
2278
2281
2283
2286
2290
2295
2304
2304
2307
2308
2324
2325
2327
2329
2330
2338
2340
2349
2351
2354
2359
2362
2366
2367
2368
2369
2371
2372
2373
2374
2379
2381
2390
2391
2393
2398
2399
2403
2409
2411
2411
2417
2423
2423
2431
2432
2433
2435
2443
2445
2450
2452
2452
2453
2457
2462
2467
2471
2479
2490
2528
2533
2533
2541
2551
2557
2564
2565
2569
2571
2573
2575
2576
2579
2579
2590
2590
2594
2597
2601
2606
2606
2614
2619
2629
2630
2636
2638
2644
2646
2651
2654
2654
2656
2658
2661
2661
2664
2665
2681
2681
2690
2693
2694
2694
2699
2699
2699
2702
2706
2708
2709
2713
2715
2718
2719
2722
2723
2723
2732
2737
2739
2740
2741
2742
2742
2742
2744
2744
2745
2751
2752
2753
2756
2759
2761
2764
2766
2773
2788
2792
2793
2799
2801
2801
2801
2802
2805
2807
2808
2809
2813
2816
2819
2820
2823
2828
2830
2834
2834
2835
2838
2839
2843
2845
2848
2849
2851
2853
2854
2856
2857
2861
2863
2865
2866
2872
2874
2879
2880
2883
2890
2891
2891
2893
2894
2895
2895
2897
2900
2906
2906
2907
2911
2912
2922
2929
2931
2936
2937
2945
2965
2967
2968
2978
2979
2980
2985
2986
2987
2993
2997
3008
3011
3013
3013
3014
3016
3017
3022
3024
3028
3029
3030
3033
3038
3039
3041
3042
3045
3047
3049
3052
3054
3057
3057
3062
3062
3064
3067
3067
3068
3069
3072
3073
3074
3078
3084
3084
3087
3088
3088
3089
3090
3098
3103
3103
3106
3116
3120
3126
3128
3128
3129
3137
3137
3139
3146
3149
3152
3156
3158
3162
3178
3178
3178
3178
3185
3186
3187
3188
3191
3194
3200
3205
3207
3213
3219
3224
3225
3238
3242
3247
3250
3254
3257
3257
3259
3260
3265
3269
3273
3274
3274
3278
3279
3282
3289
3295
3297
3300
3301
3303
3303
3303
3304
3309
3311
3317
3322
3325
3325
3330
3332
3333
3334
3340
3349
3351
3358
3359
3365
3369
3369
3370
3370
3373
3375
3379
3379
3383
3385
3391
3392
3407
3408
3410
3410
3412
3416
3419
3419
3426
3427
3429
3429
3431
3433
3433
3437
3440
3455
3456
3456
3464
3468
3468
3470
3477
3479
3480
3481
3483
3489
3498
3499
3504
3505
3506
3507
3509
3516
3522
3527
3532
3532
3533
3537
3537
3537
3540
3544
3544
3548
3549
3553
3554
3559
3566
3568
3578
3578
3578
3579
3583
3594
3604
3611
3612
3612
3612
3616
3619
3620
3621
3626
3636
3637
3640
3642
3643
3652
3652
3653
3658
3674
3680
3681
3682
3684
3685
3687
3692
3693
3694
3695
3699
3703
3705
3706
3707
3713
3722
3725
3736
3736
3739
3743
3744
3749
3751
3752
3754
3760
3761
3761
3764
3765
3770
3770
3770
3776
3783
3785
3786
3787
3790
3791
3798
3800
3806
3806
3810
3817
3822
3823
3824
3825
3826
3828
3839
3841
3847
3853
3853
3855
3856
3859
3859
3862
3867
3869
3871
3872
3875
3876
3876
3879
3881
3883
3883
3885
3888
3893
3894
3898
3901
3901
3908
3909
3915
3915
3917
3918
3918
3920
3920
3920
3922
3928
3929
3932
3936
3942
3943
3945
3948
3953
3959
3967
3969
3969
3969
3971
3973
3978
3979
3980
3981
3981
3982
3988
3994
3997
4006
4009
4013
4013
4014
4019
4021
4022
4029
4029
4031
4039
4040
4041
4043
4043
4044
4055
4061
4062
4064
4074
4074
4075
4076
4082
4087
4090
4093
4094
4099
4102
4104
4107
4112
4117
4126
4128
4128
4136
4136
4138
4142
4142
4144
4146
4146
4150
4154
4154
4161
4165
4165
4167
4176
4177
4182
4185
4186
4196
4205
4207
4208
4209
4213
4220
4224
4236
4239
4245
4248
4252
4255
4261
4263
4268
4268
4269
4270
4285
4287
4288
4290
4291
4291
4294
4296
4301
4302
4302
4303
4304
4309
4312
4314
4316
4317
4318
4324
4342
4347
4350
4357
4361
4363
4363
4368
4375
4377
4378
4379
4383
4388
4395
4399
4408
4414
4416
4418
4421
4429
4431
4433
4434
4434
4440
4440
4442
4442
4445
4457
4461
4463
4464
4470
4471
4478
4483
4484
4496
4501
4504
4507
4508
4510
4511
4515
4516
4521
4526
4527
4529
4529
4530
4531
4533
4538
4549
4549
4556
4559
4565
4569
4574
4580
4581
4582
4587
4589
4601
4604
4609
4614
4617
4630
4631
4648
4649
4651
4653
4660
4670
4671
4674
4680
4681
4683
4691
4700
4704
4711
4712
4719
4719
4719
4720
4728
4728
4728
4732
4732
4735
4737
4739
4740
4741
4745
4750
4751
4752
4756
4758
4759
4761
4763
4765
4765
4766
4766
4768
4778
4779
4783
4787
4790
4795
4797
4800
4803
4803
4807
4808
4812
4814
4818
4820
4826
4826
4830
4832
4834
4835
4840
4845
4845
4849
4850
4855
4858
4867
4875
4877
4879
4886
4893
4894
4895
4896
4898
4901
4903
4905
4906
4911
4913
4914
4915
4919
4920
4925
4929
4930
4933
4942
4949
4953
4956
4957
4963
4966
4967
4972
4973
4974
4976
4978
4983
4986
4986
4987
4988
4991
4992
4998
5007
5015
5017
5024
5027
5028
5033
5035
5038
5039
5042
5043
5044
5044
5046
5049
5055
5058
5061
5065
5067
5071
5071
5078
5086
5093
5094
5098
5100
5101
5108
5110
5113
5116
5120
5121
5124
5125
5126
5137
5138
5138
5139
5139
5141
5142
5146
5147
5153
5155
5156
5162
5162
5164
5167
5170
5183
5183
5206
5207
5208
5209
5211
5218
5237
5239
5239
5243
5246
5250
5251
5254
5254
5255
5257
5260
5264
5268
5279
5284
5284
5289
5293
5296
5301
5309
5311
5321
5321
5323
5324
5325
5326
5328
5338
5341
5341
5343
5344
5347
5347
5348
5359
5359
5361
5362
5366
5367
5377
5378
5380
5381
5389
5391
5393
5394
5395
5395
5401
5401
5402
5407
5410
5411
5412
5413
5413
5416
5417
5419
5419
5421
5422
5424
5425
5428
5429
5433
5435
5436
5441
5444
5444
5445
5445
5453
5455
5458
5461
5466
5472
5475
5493
5499
5500
5512
5518
5526
5527
5528
5533
5535
5538
5541
5546
5547
5548
5554
5556
5557
5564
5569
5571
5572
5572
5576
5580
5580
5583
5584
5585
5589
5592
5595
5595
5606
5606
5608
5611
5612
5617
5620
5622
5623
5628
5629
5630
5632
5656
5660
5662
5665
5667
5670
5677
5680
5682
5683
5686
5690
5691
5697
5702
5706
5712
5718
5725
5730
5733
5735
5736
5738
5739
5741
5760
5764
5764
5769
5771
5772
5772
5772
5778
5782
5791
5792
5797
5798
5799
5802
5804
5805
5805
5807
5807
5809
5811
5812
5813
5814
5815
5816
5817
5818
5827
5829
5829
5829
5830
5834
5837
5846
5850
5851
5856
5860
5867
5869
5872
5873
5884
5885
5887
5891
5894
5907
5911
5916
5919
5921
5924
5924
5924
5925
5927
5928
5928
5930
5931
5934
5937
5941
5947
5955
5957
5957
5960
5960
5962
5968
5968
5969
5970
5970
5971
5977
5978
5980
5987
5989
5990
5994
6003
6012
6018
6019
6021
6022
6023
6023
6028
6038
6040
6042
6042
6044
6048
6051
6052
6057
6058
6059
6059
6059
6062
6063
6063
6065
6065
6066
6070
6071
6072
6077
6077
6077
6080
6082
6085
6086
6090
6095
6105
6106
6106
6109
6110
6111
6112
6122
6128
6137
6138
6140
6140
6146
6147
6153
6154
6170
6172
6178
6179
6181
6187
6189
6200
6205
6210
6212
6213
6214
6216
6218
6218
6220
6221
6224
6235
6242
6248
6249
6250
6255
6257
6260
6265
6272
6275
6291
6292
6295
6295
6297
6298
6300
6301
6304
6313
6326
6326
6331
6331
6336
6337
6337
6338
6344
6346
6348
6352
6353
6357
6359
6360
6360
6360
6361
6362
6367
6367
6370
6371
6376
6377
6381
6388
6395
6395
6397
6399
6402
6416
6417
6418
6418
6423
6427
6436
6439
6462
6462
6462
6470
6472
6475
6481
6487
6489
6490
6490
6493
6495
6499
6501
6505
6513
6517
6518
6522
6524
6530
6532
6533
6535
6537
6541
6543
6548
6549
6550
6551
6565
6570
6572
6576
6582
6586
6587
6592
6594
6599
6610
6610
6614
6617
6620
6627
6627
6628
6632
6633
6640
6641
6641
6645
6646
6648
6651
6651
6655
6657
6662
6664
6674
6678
6680
6682
6686
6687
6694
6695
6699
6702
6702
6708
6708
6718
6718
6720
6722
6722
6729
6730
6732
6735
6737
6739
6745
6745
6746
6752
6753
6753
6756
6757
6757
6758
6762
6765
6768
6777
6787
6797
6797
6801
6811
6820
6821
6822
6823
6823
6829
6829
6829
6833
6833
6837
6842
6843
6843
6844
6846
6848
6852
6854
6857
6857
6862
6862
6865
6865
6866
6868
6871
6873
6882
6885
6886
6886
6887
6887
6891
6897
6897
6903
6905
6906
6907
6910
6918
6918
6918
6922
6930
6936
6938
6940
6942
6956
6965
6970
6970
6970
6973
6983
6988
6990
6990
6990
6992
6992
6992
6997
6998
7001
7004
7009
7010
7013
7015
7016
7018
7025
7027
7027
7028
7028
7029
7034
7037
7037
7043
7050
7060
7066
7066
7072
7074
7080
7082
7083
7084
7085
7089
7090
7091
7091
7094
7096
7098
7099
7101
7106
7107
7108
7111
7112
7113
7118
7120
7123
7124
7126
7129
7136
7143
7145
7148
7149
7149
7153
7156
7163
7163
7166
7167
7177
7183
7183
7184
7184
7189
7193
7193
7198
7199
7202
7203
7203
7205
7210
7211
7213
7216
7217
7219
7220
7222
7224
7225
7228
7228
7236
7239
7240
7243
7245
7246
7247
7252
7253
7256
7256
7260
7261
7262
7263
7264
7265
7265
7272
7272
7281
7284
7291
7296
7297
7297
7301
7309
7309
7310
7311
7311
7312
7314
7315
7315
7316
7316
7320
7322
7324
7324
7330
7330
7340
7341
7354
7357
7357
7370
7374
7374
7375
7377
7380
7385
7386
7391
7391
7405
7411
7411
7415
7424
7429
7432
7440
7449
7451
7454
7455
7456
7458
7462
7467
7468
7477
7479
7486
7487
7488
7490
7501
7504
7505
7506
7507
7507
7509
7509
7510
7519
7522
7523
7526
7527
7528
7535
7537
7540
7540
7540
7545
7552
7563
7569
7569
7571
7576
7582
7591
7595
7596
7600
7601
7609
7612
7614
7615
7620
7620
7620
7623
7628
7638
7639
7642
7643
7648
7652
7652
7657
7661
7661
7668
7670
7680
7680
7681
7687
7692
7693
7697
7699
7699
7704
7705
7706
7706
7708
7708
7710
7711
7714
7715
7721
7726
7726
7730
7731
7737
7749
7753
7758
7758
7759
7760
7760
7768
7771
7775
7778
7782
7784
7790
7794
7795
7798
7798
7799
7802
7802
7803
7803
7805
7807
7815
7817
7817
7820
7822
7824
7825
7833
7845
7848
7848
7849
7850
7850
7854
7861
7865
7865
7867
7884
7884
7888
7896
7896
7897
7901
7901
7903
7907
7910
7914
7914
7915
7915
7917
7919
7919
7919
7920
7924
7924
7933
7937
7942
7943
7944
7951
7963
7963
7964
7972
7976
7988
7988
7992
7996
8003
8005
8006
8007
8018
8021
8024
8027
8033
8035
8035
8035
8044
8057
8058
8063
8073
8084
8084
8086
8087
8095
8100
8105
8108
8112
8120
8120
8122
8124
8124
8125
8134
8136
8145
8146
8154
8156
8156
8158
8161
8163
8175
8179
8180
8180
8181
8183
8184
8184
8189
8205
8206
8214
8216
8217
8220
8221
8231
8233
8241
8241
8243
8244
8245
8248
8251
8252
8259
8269
8269
8270
8271
8272
8275
8288
8289
8297
8297
8302
8302
8309
8313
8314
8318
8318
8319
8322
8323
8326
8328
8333
8334
8336
8336
8341
8343
8346
8346
8350
8352
8361
8363
8366
8371
8372
8378
8379
8381
8391
8394
8397
8400
8403
8407
8409
8411
8417
8417
8418
8419
8420
8422
8427
8431
8431
8432
8433
8434
8435
8449
8454
8454
8460
8461
8464
8468
8471
8474
8476
8477
8478
8481
8482
8486
8488
8488
8490
8495
8499
8504
8505
8506
8510
8510
8512
8516
8520
8521
8523
8525
8525
8525
8526
8533
8534
8537
8539
8539
8550
8552
8555
8559
8561
8565
8566
8566
8570
8573
8575
8578
8585
8598
8606
8610
8612
8613
8615
8617
8619
8626
8632
8634
8639
8643
8648
8649
8652
8657
8660
8662
8662
8680
8684
8684
8685
8685
8686
8693
8693
8695
8699
8699
8701
8702
8711
8716
8720
8721
8722
8724
8725
8725
8728
8730
8731
8739
8740
8744
8745
8747
8748
8751
8752
8757
8772
8773
8776
8776
8786
8788
8793
8795
8800
8802
8804
8813
8813
8814
8815
8819
8823
8829
8838
8839
8841
8843
8847
8850
8865
8867
8872
8873
8873
8876
8880
8892
8893
8895
8897
8903
8903
8908
8910
8922
8925
8926
8929
8930
8937
8940
8943
8946
8950
8950
8954
8960
8961
8967
8967
8975
8976
8977
8983
8987
8990
8999
8999
9006
9009
9018
9020
9021
9022
9025
9037
9042
9044
9047
9050
9060
9061
9064
9072
9073
9074
9074
9076
9078
9085
9088
9092
9092
9093
9097
9100
9105
9110
9119
9120
9123
9131
9131
9132
9137
9137
9139
9140
9142
9148
9155
9156
9159
9162
9166
9171
9175
9176
9178
9180
9184
9192
9195
9204
9206
9206
9211
9211
9212
9214
9216
9218
9220
9221
9224
9224
9226
9226
9227
9230
9232
9234
9234
9234
9234
9238
9239
9240
9241
9241
9246
9246
9247
9254
9256
9259
9259
9259
9260
9260
9263
9270
9270
9278
9283
9285
9289
9291
9293
9295
9297
9303
9304
9308
9323
9331
9335
9340
9340
9346
9347
9350
9351
9351
9352
9359
9364
9364
9367
9367
9371
9373
9376
9385
9389
9395
9400
9404
9408
9417
9417
9418
9426
9428
9431
9434
9435
9437
9438
9440
9440
9445
9448
9448
9450
9450
9450
9452
9452
9454
9454
9455
9458
9461
9465
9465
9468
9473
9481
9482
9485
9487
9490
9492
9492
9494
9506
9517
9518
9519
9521
9523
9524
9524
9525
9528
9532
9536
9545
9545
9548
9549
9551
9565
9565
9567
9567
9574
9576
9578
9582
9583
9587
9603
9605
9610
9612
9612
9613
9616
9623
9623
9623
9624
9626
9631
9631
9635
9636
9639
9646
9652
9653
9654
9654
9655
9657
9661
9668
9672
9672
9672
9676
9677
9678
9679
9682
9686
9687
9694
9695
9696
9697
9697
9698
9698
9700
9710
9710
9711
9713
9713
9714
9716
9721
9723
9727
9730
9735
9742
9742
9742
9744
9755
9755
9759
9760
9767
9768
9773
9780
9780
9787
9787
9793
9794
9799
9799
9801
9806
9813
9816
9830
9841
9841
9852
9854
9859
9872
9881
9883
9884
9884
9893
9893
9899
9902
9904
9905
9906
9907
9908
9910
9923
9923
9923
9925
9925
9926
9927
9930
9930
9934
9935
9937
9941
9945
9947
9948
9954
9955
9957
9962
9966
9970
9970
9971
9972
9979
9984
9984
9987
9993
10000
10003
10004
10010
10015
10016
10017
10019
10020
10021
10024
10024
10025
10032
10032
10035
10038
10044
10046
10048
10048
10057
10057
10059
10059
10060
10063
10065
10070
10078
10081
10084
10087
10088
10090
10091
10095
10102
10103
10104
10109
10110
10111
10115
10118
10129
10136
10136
10137
10139
10143
10146
10146
10156
10167
10167
10171
10173
10176
10177
10183
10185
10188
10191
10194
10204
10224
10225
10225
10227
10228
10237
10238
10238
10240
10242
10243
10246
10256
10259
10261
10262
10262
10264
10264
10267
10273
10280
10283
10285
10286
10290
10293
10293
10296
10309
10310
10310
10312
10324
10325
10327
10335
10335
10338
10342
10343
10350
10351
10355
10360
10361
10367
10376
10377
10383
10388
10388
10389
10390
10398
10401
10404
10406
10406
10406
10408
10417
10423
10434
10434
10434
10435
10436
10436
10442
10443
10446
10448
10449
10452
10454
10455
10456
10469
10470
10473
10477
10479
10481
10483
10489
10496
10502
10503
10505
10508
10509
10511
10515
10531
10534
10539
10539
10540
10540
10544
10547
10549
10550
10554
10554
10558
10562
10562
10565
10568
10569
10573
10575
10583
10585
10587
10587
10588
10590
10591
10597
10602
10603
10603
10608
10618
10620
10620
10623
10635
10636
10639
10649
10651
10654
10657
10658
10663
10665
10670
10671
10681
10683
10684
10691
10695
10696
10696
10696
10699
10703
10707
10709
10709
10709
10710
10710
10712
10716
10717
10721
10723
10725
10726
10727
10728
10731
10734
10736
10742
10751
10752
10753
10759
10765
10769
10772
10773
10773
10774
10776
10777
10780
10782
10787
10790
10792
10794
10794
10796
10803
10803
10808
10810
10811
10817
10818
10823
10825
10825
10827
10832
10832
10833
10836
10838
10841
10844
10845
10846
10846
10849
10851
10854
10857
10870
10876
10877
10878
10878
10883
10883
10889
10899
10902
10908
10912
10913
10917
10925
10927
10929
10931
10934
10936
10939
10941
10941
10950
10955
10955
10959
10962
10962
10962
10964
10966
10968
10975
10976
10976
10978
10980
10980
10985
10987
10989
10990
10991
10992
10997
11007
11008
11009
11012
11025
11034
11036
11038
11039
11050
11051
11055
11056
11058
11074
11075
11081
11086
11087
11091
11093
11095
11095
11096
11096
11097
11101
11106
11111
11120
11121
11124
11125
11139
11147
11155
11161
11166
11167
11169
11173
11184
11185
11189
11192
11196
11198
11202
11204
11211
11211
11213
11218
11219
11227
11227
11231
11233
11234
11237
11240
11241
11243
11249
11253
11259
11263
11271
11277
11277
11280
11282
11288
11290
11293
11297
11303
11305
11308
11309
11310
11313
11314
11321
11321
11321
11324
11328
11330
11334
11338
11344
11345
11353
11355
11355
11357
11357
11359
11365
11366
11367
11372
11376
11378
11380
11386
11386
11387
11400
11413
11420
11424
11427
11430
11430
11431
11436
11436
11437
11442
11443
11448
11457
11458
11463
11468
11472
11479
11479
11482
11490
11494
11495
11496
11496
11498
11499
11503
11508
11509
11512
11517
11520
11521
11529
11531
11531
11532
11540
11547
11548
11551
11553
11555
11557
11570
11573
11574
11576
11578
11579
11580
11584
11588
11588
11592
11595
11597
11599
11599
11603
11611
11614
11615
11617
11620
11620
11628
11637
11638
11643
11661
11665
11669
11669
11670
11670
11671
11673
11676
11676
11676
11677
11677
11685
11686
11687
11689
11690
11693
11695
11700
11700
11707
11707
11716
11722
11725
11727
11728
11729
11732
11735
11749
11763
11764
11770
11773
11781
11785
11788
11793
11796
11802
11802
11804
11805
11814
11816
11817
11817
11818
11831
11839
11842
11843
11847
11850
11851
11854
11855
11857
11857
11857
11860
11865
11867
11868
11869
11869
11874
11881
11885
11885
11886
11889
11890
11896
11913
11917
11921
11921
11921
11922
11924
11931
11935
11940
11943
11951
11952
11957
11959
11963
11974
11981
11982
11982
11982
11984
11985
11986
11991
11994
11995
12005
12010
12017
12029
12029
12029
12032
12038
12049
12049
12050
12056
12056
12059
12063
12064
12068
12076
12079
12086
12092
12095
12103
12105
12106
12106
12108
12109
12109
12111
12111
12111
12113
12114
12114
12118
12119
12123
12125
12127
12131
12143
12143
12150
12154
12155
12157
12165
12168
12174
12178
12186
12187
12189
12193
12201
12202
12202
12203
12204
12205
12209
12211
12212
12212
12215
12220
12222
12224
12226
12228
12230
12235
12239
12246
12249
12256
12268
12268
12268
12269
12271
12275
12277
12277
12277
12278
12279
12285
12288
12288
12291
12291
12291
12296
12297
12303
12305
12309
12312
12325
12327
12327
12336
12337
12340
12340
12342
12348
12352
12354
12356
12356
12365
12372
12373
12378
12381
12384
12391
12394
12397
12403
12404
12406
12408
12413
12414
12414
12418
12419
12420
12422
12425
12426
12427
12427
12429
12434
12436
12436
12441
12441
12445
12447
12447
12450
12450
12451
12455
12455
12455
12458
12467
12473
12474
12474
12475
12483
12487
12490
12493
12495
12500
12505
12506
12512
12513
12519
12521
12523
12523
12525
12528
12536
12538
12544
12552
12552
12554
12555
12556
12557
12561
12561
12562
12564
12565
12570
12571
12575
12575
12578
12579
12581
12582
12585
12588
12589
12592
12595
12599
12599
12605
12612
12619
12634
12636
12637
12641
12648
12649
12650
12660
12663
12667
12671
12675
12685
12687
12692
12696
12706
12713
12713
12715
12720
12721
12723
12724
12737
12738
12742
12746
12749
12753
12753
12754
12756
12763
12768
12772
12776
12777
12788
12789
12792
12792
12799
12804
12808
12813
12813
12818
12818
12819
12822
12829
12833
12835
12840
12847
12848
12848
12869
12877
12879
12880
12897
12905
12908
12911
12912
12912
12914
12915
12917
12921
12932
12932
12941
12941
12948
12955
12956
12966
12966
12979
12981
12990
12996
13006
13009
13010
13011
13012
13012
13014
13017
13018
13023
13025
13025
13028
13029
13030
13031
13036
13037
13037
13040
13048
13057
13057
13059
13061
13061
13062
13067
13068
13070
13071
13072
13072
13072
13081
13082
13084
13085
13100
13101
13105
13107
13109
13110
13119
13122
13123
13132
13138
13141
13145
13149
13152
13156
13158
13159
13164
13167
13168
13176
13177
13178
13182
13188
13189
13190
13191
13195
13195
13200
13204
13205
13218
13224
13224
13228
13228
13229
13233
13235
13235
13239
13244
13261
13273
13274
13277
13282
13282
13283
13283
13285
13287
13298
13300
13301
13303
13303
13304
13305
13309
13315
13320
13324
13327
13327
13329
13339
13341
13349
13361
13363
13364
13368
13376
13378
13381
13383
13387
13389
13394
13396
13399
13406
13413
13417
13420
13421
13424
13426
13428
13432
13433
13435
13435
13436
13438
13439
13444
13448
13448
13451
13451
13452
13452
13454
13456
13462
13467
13470
13475
13477
13479
13480
13481
13483
13485
13486
13487
13488
13493
13494
13497
13505
13507
13509
13510
13514
13518
13520
13521
13536
13540
13544
13546
13548
13552
13554
13554
13554
13567
13585
13587
13594
13600
13600
13618
13621
13621
13621
13637
13644
13649
13656
13658
13658
13661
13662
13663
13664
13667
13671
13676
13682
13684
13685
13687
13688
13691
13701
13701
13702
13706
13709
13709
13715
13717
13717
13726
13731
13732
13734
13739
13742
13742
13743
13746
13751
13752
13753
13756
13760
13760
13760
13763
13765
13767
13779
13782
13783
13783
13786
13795
13796
13798
13802
13803
13803
13809
13816
13817
13828
13829
13830
13831
13833
13833
13837
13837
13843
13845
13845
13849
13855
13860
13861
13866
13871
13872
13874
13875
13877
13885
13891
13899
13899
13900
13903
13903
13904
13908
13911
13915
13915
13921
13932
13937
13944
13948
13949
13952
13957
13963
13965
13965
13968
13969
13970
13971
13972
13973
13974
13988
13992
13995
13999
14000
14004
14013
14014
14020
14021
14030
14034
14048
14061
14065
14073
14078
14087
14100
14100
14102
14103
14105
14107
14108
14114
14114
14115
14116
14119
14122
14123
14124
14125
14127
14131
14133
14135
14137
14137
14148
14151
14153
14167
14168
14168
14171
14173
14175
14176
14181
14203
14206
14212
14221
14222
14226
14226
14230
14233
14233
14235
14235
14243
14243
14247
14254
14261
14263
14271
14272
14275
14291
14293
14293
14295
14298
14299
14301
14301
14305
14306
14307
14310
14311
14312
14317
14321
14326
14327
14329
14330
14336
14345
14348
14350
14352
14355
14362
14364
14367
14367
14369
14372
14373
14374
14375
14379
14381
14386
14389
14389
14394
14398
14399
14401
14406
14411
14422
14426
14435
14435
14437
14438
14442
14449
14453
14457
14458
14460
14462
14468
14471
14472
14473
14474
14479
14481
14481
14487
14494
14497
14498
14507
14507
14507
14508
14511
14522
14523
14526
14527
14528
14547
14552
14555
14556
14556
14558
14564
14566
14570
14571
14573
14575
14576
14580
14582
14583
14584
14585
14588
14589
14593
14595
14598
14602
14602
14606
14620
14622
14625
14628
14629
14632
14635
14640
14643
14643
14643
14647
14648
14650
14653
14656
14658
14663
14664
14669
14670
14675
14675
14675
14681
14682
14682
14683
14683
14684
14690
14690
14692
14693
14699
14700
14700
14703
14705
14706
14707
14707
14707
14708
14710
14712
14715
14728
14729
14730
14736
14740
14743
14745
14747
14748
14751
14751
14752
14753
14755
14759
14759
14768
14771
14778
14779
14784
14784
14788
14790
14797
14804
14810
14810
14812
14819
14819
14821
14821
14828
14829
14830
14835
14838
14848
14851
14852
14853
14853
14854
14855
14856
14864
14864
14864
14869
14877
14881
14883
14890
14891
14897
14897
14900
14902
14904
14909
14910
14913
14920
14926
14935
14941
14944
14946
14948
14950
14951
14951
14954
14955
14955
14957
14957
14959
14959
14972
14975
14981
14984
14985
14993
14993
14996
14998
15001
15009
15013
15018
15020
15023
15028
15030
15035
15037
15037
15041
15046
15049
15054
15054
15059
15061
15063
15068
15073
15076
15078
15083
15085
15085
15098
15099
15104
15104
15106
15108
15109
15109
15112
15118
15121
15122
15123
15133
15140
15147
15150
15155
15157
15165
15166
15166
15168
15173
15175
15178
15187
15188
15192
15193
15193
15193
15197
15203
15204
15207
15207
15213
15215
15218
15218
15220
15227
15227
15229
15240
15242
15246
15251
15254
15256
15260
15261
15263
15267
15268
15271
15280
15281
15288
15295
15296
15297
15297
15305
15307
15317
15321
15322
15326
15326
15326
15330
15333
15341
15352
15354
15356
15367
15390
15392
15399
15401
15404
15404
15407
15410
15418
15420
15422
15423
15427
15427
15430
15434
15434
15441
15441
15444
15447
15452
15453
15457
15457
15469
15472
15473
15480
15480
15483
15488
15489
15492
15496
15501
15504
15505
15509
15509
15516
15523
15527
15530
15530
15537
15539
15539
15540
15544
15556
15557
15565
15569
15570
15571
15592
15596
15599
15601
15602
15607
15614
15614
15614
15622
15628
15635
15637
15639
15648
15650
15653
15653
15654
15655
15657
15667
15668
15668
15672
15673
15673
15691
15692
15703
15704
15705
15708
15710
15712
15714
15714
15715
15715
15715
15716
15718
15719
15721
15726
15727
15728
15729
15732
15732
15734
15741
15744
15750
15751
15751
15754
15756
15759
15770
15775
15792
15795
15795
15796
15796
15798
15802
15803
15804
15808
15810
15815
15816
15823
15825
15827
15828
15831
15838
15844
15852
15854
15854
15854
15855
15865
15866
15866
15867
15884
15887
15887
15888
15888
15890
15894
15897
15899
15900
15909
15916
15917
15919
15921
15921
15921
15929
15929
15933
15935
15941
15945
15946
15948
15951
15951
15952
15956
15959
15960
15960
15965
15971
15976
15976
15977
15983
15989
15995
16006
16009
16014
16016
16016
16018
16023
16025
16027
16030
16033
16035
16039
16041
16043
16045
16047
16048
16049
16060
16066
16068
16068
16078
16082
16083
16087
16088
16091
16094
16094
16101
16101
16106
16107
16107
16118
16120
16122
16127
16134
16135
16139
16140
16143
16150
16156
16157
16170
16173
16174
16174
16178
16182
16195
16195
16211
16215
16216
16222
16223
16224
16225
16235
16247
16249
16253
16257
16268
16273
16276
16280
16284
16287
16288
16290
16294
16295
16297
16300
16300
16301
16311
16311
16319
16326
16334
16339
16345
16346
16353
16363
16369
16371
16381
16382
16382
16387
16389
16391
16397
16399
16407
16412
16413
16423
16431
16431
16432
16434
16434
16434
16439
16444
16448
16450
16450
16453
16456
16456
16457
16458
16464
16466
16466
16467
16469
16481
16483
16484
16485
16487
16491
16491
16501
16503
16505
16511
16514
16518
16521
16525
16527
16529
16530
16530
16532
16536
16541
16543
16545
16548
16549
16551
16552
16558
16562
16562
16563
16564
16569
16570
16571
16571
16573
16573
16574
16587
16592
16593
16597
16599
16599
16601
16603
16604
16604
16604
16605
16605
16605
16606
16609
16612
16614
16617
16620
16625
16629
16635
16644
16647
16648
16662
16662
16663
16667
16667
16671
16673
16674
16675
16675
16677
16686
16688
16688
16690
16691
16699
16700
16701
16706
16711
16726
16738
16739
16739
16741
16744
16744
16752
16757
16765
16768
16770
16771
16773
16774
16774
16777
16782
16783
16787
16790
16791
16796
16796
16800
16800
16802
16807
16818
16819
16821
16831
16839
16839
16840
16840
16842
16843
16849
16857
16860
16866
16881
16881
16887
16888
16895
16906
16914
16920
16924
16924
16925
16930
16930
16930
16943
16945
16949
16949
16954
16957
16957
16958
16961
16962
16977
16977
16982
16985
16986
16988
16988
16999
17006
17008
17009
17017
17018
17025
17035
17035
17037
17038
17040
17040
17046
17050
17053
17054
17070
17077
17077
17079
17090
17093
17095
17102
17104
17110
17111
17114
17114
17115
17116
17118
17130
17133
17134
17135
17137
17138
17139
17143
17143
17146
17147
17153
17154
17155
17158
17162
17165
17165
17170
17171
17174
17180
17183
17186
17190
17191
17191
17194
17195
17202
17206
17215
17215
17216
17217
17227
17237
17241
17241
17248
17262
17265
17265
17268
17269
17270
17270
17274
17276
17285
17286
17290
17294
17294
17302
17302
17304
17305
17308
17315
17316
17323
17325
17326
17327
17330
17335
17336
17336
17344
17348
17351
17354
17357
17358
17360
17362
17362
17362
17369
17369
17378
17381
17382
17386
17387
17391
17395
17402
17402
17403
17412
17412
17412
17413
17418
17427
17429
17431
17432
17437
17437
17438
17441
17447
17452
17454
17459
17461
17468
17470
17471
17477
17479
17481
17482
17485
17491
17492
17497
17510
17516
17521
17522
17522
17525
17526
17528
17531
17534
17534
17534
17538
17538
17544
17546
17553
17555
17556
17556
17559
17563
17568
17574
17577
17577
17579
17585
17588
17590
17591
17595
17595
17604
17604
17604
17606
17607
17608
17609
17610
17612
17615
17616
17617
17617
17620
17621
17622
17626
17627
17627
17629
17640
17642
17645
17657
17661
17664
17670
17673
17674
17675
17677
17679
17680
17686
17692
17699
17702
17708
17709
17724
17729
17732
17733
17733
17735
17736
17736
17749
17752
17753
17761
17762
17762
17763
17765
17787
17790
17793
17795
17798
17798
17808
17810
17810
17811
17815
17823
17825
17827
17828
17831
17832
17834
17838
17841
17843
17851
17857
17866
17867
17876
17882
17882
17889
17895
17897
17902
17908
17916
17917
17918
17918
17919
17925
17929
17930
17930
17933
17938
17939
17944
17953
17961
17961
17969
17969
17970
17975
17977
17981
17982
17983
17985
17985
17989
17991
17995
18003
18012
18012
18014
18018
18019
18020
18026
18031
18034
18034
18038
18040
18041
18042
18045
18046
18050
18055
18056
18060
18061
18064
18068
18068
18068
18072
18074
18077
18091
18091
18099
18101
18105
18106
18110
18111
18112
18122
18122
18129
18132
18134
18134
18146
18155
18155
18156
18158
18161
18161
18171
18173
18176
18181
18181
18186
18196
18201
18202
18207
18210
18210
18214
18215
18217
18225
18227
18228
18230
18234
18245
18251
18253
18260
18262
18267
18273
18275
18276
18279
18279
18285
18285
18285
18285
18295
18296
18304
18307
18308
18309
18316
18317
18318
18319
18324
18329
18329
18330
18331
18333
18346
18347
18348
18351
18352
18354
18356
18358
18358
18371
18375
18378
18389
18392
18392
18396
18396
18403
18403
18404
18411
18414
18421
18425
18425
18437
18437
18438
18438
18438
18439
18440
18442
18444
18454
18461
18463
18463
18464
18465
18466
18469
18469
18471
18477
18480
18484
18486
18488
18489
18491
18496
18496
18498
18499
18500
18501
18504
18505
18512
18513
18513
18520
18521
18532
18533
18537
18538
18539
18543
18553
18556
18556
18562
18565
18565
18567
18570
18571
18572
18572
18575
18577
18578
18580
18582
18585
18588
18595
18595
18600
18605
18608
18608
18614
18615
18617
18625
18632
18646
18646
18647
18650
18651
18654
18654
18659
18660
18663
18665
18666
18668
18671
18674
18674
18675
18676
18682
18682
18683
18683
18683
18691
18691
18698
18703
18708
18722
18725
18731
18733
18743
18748
18757
18763
18773
18776
18783
18791
18792
18793
18793
18795
18799
18807
18810
18811
18811
18812
18813
18814
18818
18818
18821
18821
18823
18823
18827
18832
18833
18835
18837
18838
18839
18842
18846
18848
18850
18854
18854
18859
18869
18870
18870
18871
18872
18875
18878
18879
18890
18890
18905
18905
18906
18908
18914
18920
18925
18929
18932
18932
18934
18940
18941
18943
18943
18943
18947
18954
18955
18957
18966
18968
18968
18984
18984
18997
19001
19003
19007
19009
19009
19015
19019
19020
19023
19024
19028
19037
19039
19054
19055
19055
19056
19057
19058
19060
19062
19068
19068
19068
19068
19069
19075
19092
19092
19096
19097
19102
19105
19108
19114
19116
19118
19121
19126
19130
19130
19134
19135
19149
19154
19156
19160
19161
19166
19169
19169
19170
19173
19182
19182
19186
19188
19195
19199
19200
19200
19201
19203
19204
19205
19205
19214
19216
19222
19224
19229
19234
19237
19238
19240
19244
19245
19246
19247
19248
19248
19249
19259
19261
19263
19273
19273
19278
19283
19286
19298
19299
19304
19306
19306
19307
19309
19309
19310
19310
19314
19316
19318
19330
19334
19346
19346
19350
19357
19360
19364
19373
19374
19384
19387
19388
19391
19391
19393
19400
19400
19401
19403
19404
19405
19408
19409
19410
19422
19424
19426
19430
19432
19434
19437
19439
19442
19443
19449
19451
19451
19458
19461
19463
19465
19467
19468
19472
19474
19474
19474
19483
19484
19486
19488
19491
19507
19510
19511
19512
19514
19519
19519
19521
19522
19526
19532
19534
19535
19536
19542
19543
19547
19549
19549
19551
19551
19553
19561
19561
19572
19575
19578
19581
19591
19591
19593
19595
19595
19596
19600
19608
19614
19620
19622
19622
19622
19623
19626
19626
19627
19643
19650
19651
19651
19656
19658
19659
19663
19671
19679
19682
19686
19689
19690
19692
19700
19704
19705
19711
19712
19714
19722
19724
19726
19728
19733
19734
19736
19751
19752
19752
19754
19754
19755
19757
19758
19758
19762
19762
19765
19766
19769
19781
19784
19787
19791
19798
19807
19807
19809
19816
19818
19819
19821
19823
19832
19832
19834
19835
19835
19835
19837
19838
19840
19842
19843
19844
19856
19858
19858
19858
19859
19862
19874
19874
19876
19886
19887
19890
19890
19892
19897
19900
19902
19903
19904
19906
19906
19908
19913
19917
19921
19923
19923
19923
19933
19935
19935
19939
19949
19950
19954
19960
19960
19963
19965
19966
19977
19978
19978
19978
19979
19985
19990
19992
19993
19996
20001
20008
20010
20012
20015
20019
20022
20028
20033
20034
20040
20040
20041
20045
20055
20060
20066
20067
20069
20078
20079
20081
20083
20087
20091
20094
20095
20098
20098
20101
20106
20107
20109
20111
20122
20129
20130
20131
20134
20138
20139
20145
20147
20149
20158
20159
20160
20161
20163
20166
20167
20172
20176
20181
20183
20185
20187
20187
20196
20196
20196
20197
20199
20212
20214
20218
20219
20220
20229
20232
20238
20240
20248
20248
20251
20262
20265
20267
20268
20271
20280
20282
20284
20285
20294
20299
20305
20306
20310
20311
20323
20324
20330
20330
20333
20334
20335
20337
20346
20353
20353
20354
20356
20357
20358
20359
20362
20363
20367
20367
20369
20371
20383
20384
20387
20388
20399
20402
20402
20403
20406
20407
20411
20420
20421
20421
20431
20434
20435
20443
20451
20452
20453
20457
20458
20459
20462
20463
20465
20466
20474
20477
20484
20486
20488
20491
20494
20503
20510
20517
20521
20524
20525
20526
20532
20543
20545
20548
20550
20556
20571
20573
20575
20576
20576
20577
20584
20590
20592
20596
20601
20604
20606
20606
20618
20623
20626
20627
20627
20628
20629
20631
20631
20632
20632
20635
20639
20643
20652
20654
20659
20659
20663
20664
20666
20666
20669
20671
20675
20675
20683
20685
20691
20694
20695
20698
20700
20702
20709
20709
20713
20718
20720
20721
20727
20728
20736
20737
20741
20744
20747
20751
20753
20758
20759
20760
20761
20762
20763
20773
20774
20776
20780
20784
20793
20794
20810
20811
20814
20817
20818
20825
20832
20832
20835
20835
20844
20844
20849
20850
20855
20856
20858
20858
20859
20865
20867
20867
20867
20873
20874
20880
20882
20886
20886
20891
20898
20899
20899
20903
20905
20907
20912
20913
20917
20919
20923
20925
20937
20942
20946
20950
20951
20951
20952
20954
20957
20961
20967
20970
20971
20975
20975
20978
20987
20988
20995
20999
21001
21003
21003
21021
21022
21023
21025
21029
21033
21038
21041
21045
21058
21064
21065
21069
21074
21076
21082
21084
21095
21096
21096
21115
21115
21120
21125
21132
21135
21146
21153
21161
21161
21169
21173
21175
21179
21179
21183
21183
21188
21194
21198
21198
21201
21202
21202
21203
21205
21205
21209
21209
21218
21221
21222
21225
21226
21226
21234
21235
21236
21241
21242
21242
21243
21245
21250
21253
21253
21254
21256
21257
21260
21264
21268
21268
21269
21273
21276
21281
21281
21290
21295
21295
21297
21305
21310
21311
21315
21316
21316
21317
21317
21320
21322
21324
21324
21325
21328
21331
21331
21337
21338
21340
21343
21347
21347
21351
21353
21375
21377
21378
21383
21384
21386
21386
21387
21398
21409
21410
21411
21413
21418
21420
21422
21428
21432
21432
21436
21437
21438
21438
21440
21444
21449
21450
21457
21461
21464
21465
21466
21468
21470
21472
21473
21477
21482
21482
21491
21495
21500
21507
21508
21519
21522
21527
21530
21533
21536
21538
21540
21540
21544
21547
21548
21552
21557
21558
21569
21569
21574
21578
21580
21581
21595
21603
21617
21621
21623
21626
21630
21633
21634
21643
21643
21643
21652
21652
21655
21661
21675
21680
21684
21688
21689
21691
21694
21703
21708
21710
21713
21714
21715
21718
21721
21727
21728
21731
21733
21737
21739
21739
21745
21748
21754
21759
21768
21778
21779
21781
21784
21790
21811
21824
21824
21824
21827
21828
21828
21830
21835
21836
21838
21841
21841
21845
21848
21849
21850
21854
21854
21864
21864
21867
21876
21878
21892
21900
21902
21905
21906
21912
21915
21916
21918
21926
21927
21929
21930
21933
21935
21939
21946
21954
21960
21962
21962
21963
21964
21966
21975
21979
21986
21991
21996
21997
21997
21998
21998
22002
22003
22004
22007
22012
22021
22022
22032
22035
22035
22043
22044
22045
22047
22048
22049
22050
22052
22058
22058
22063
22068
22069
22073
22074
22076
22084
22089
22090
22090
22091
22095
22105
22105
22108
22113
22115
22125
22125
22125
22125
22127
22128
22129
22134
22134
22138
22139
22141
22143
22143
22145
22152
22153
22157
22161
22162
22164
22167
22169
22173
22175
22176
22183
22185
22186
22189
22192
22193
22193
22203
22204
22208
22210
22211
22212
22212
22220
22221
22232
22232
22232
22233
22235
22240
22241
22243
22251
22251
22252
22253
22261
22262
22262
22267
22269
22274
22277
22277
22279
22279
22288
22289
22290
22290
22291
22295
22295
22304
22307
22311
22323
22326
22329
22330
22331
22332
22334
22335
22338
22341
22344
22350
22356
22357
22359
22360
22360
22364
22365
22366
22368
22370
22376
22379
22380
22382
22389
22391
22391
22392
22397
22400
22410
22418
22423
22424
22425
22432
22436
22439
22441
22442
22445
22445
22447
22452
22455
22456
22457
22463
22473
22473
22476
22476
22477
22478
22478
22480
22483
22484
22485
22485
22486
22507
22507
22510
22511
22514
22516
22524
22529
22530
22536
22537
22544
22544
22549
22551
22553
22553
22554
22557
22558
22559
22560
22561
22571
22571
22575
22578
22578
22580
22586
22589
22591
22599
22601
22601
22608
22615
22615
22619
22621
22623
22633
22637
22641
22647
22651
22651
22651
22654
22659
22660
22666
22667
22670
22674
22681
22682
22684
22693
22694
22699
22701
22705
22709
22709
22710
22717
22719
22719
22728
22732
22736
22747
22747
22752
22753
22754
22757
22758
22759
22762
22763
22772
22780
22783
22783
22785
22792
22800
22802
22803
22803
22803
22805
22808
22813
22817
22821
22825
22828
22830
22837
22838
22839
22841
22841
22848
22849
22852
22858
22860
22861
22863
22865
22869
22880
22895
22895
22896
22896
22897
22900
22901
22908
22908
22910
22911
22917
22932
22935
22936
22941
22942
22945
22946
22951
22952
22959
22964
22965
22966
22967
22971
22977
22979
22984
22985
23000
23005
23006
23014
23018
23019
23022
23024
23028
23029
23033
23033
23033
23035
23037
23038
23042
23045
23050
23053
23059
23059
23063
23066
23073
23073
23074
23076
23080
23084
23087
23089
23091
23092
23096
23101
23103
23108
23110
23116
23120
23121
23133
23133
23134
23135
23137
23141
23146
23148
23152
23152
23152
23154
23154
23155
23158
23159
23160
23169
23169
23169
23176
23180
23180
23184
23184
23186
23186
23190
23192
23195
23197
23199
23199
23204
23221
23227
23228
23229
23231
23234
23236
23238
23239
23239
23240
23242
23243
23244
23246
23246
23247
23250
23251
23251
23256
23260
23265
23269
23271
23271
23277
23278
23279
23280
23282
23283
23283
23285
23285
23290
23292
23293
23300
23300
23302
23304
23305
23308
23310
23312
23314
23315
23316
23320
23322
23326
23327
23329
23332
23333
23335
23338
23339
23339
23343
23346
23347
23348
23352
23353
23353
23356
23358
23364
23367
23368
23371
23374
23374
23376
23377
23380
23394
23397
23398
23402
23405
23414
23414
23416
23416
23418
23422
23433
23448
23454
23458
23462
23465
23468
23469
23472
23474
23475
23477
23479
23481
23482
23487
23489
23491
23491
23493
23493
23497
23501
23502
23504
23504
23513
23515
23516
23531
23531
23531
23542
23544
23548
23551
23555
23556
23560
23562
23568
23571
23571
23573
23577
23580
23583
23586
23587
23587
23587
23589
23592
23597
23599
23599
23602
23609
23617
23619
23623
23626
23632
23633
23639
23642
23643
23644
23648
23651
23652
23653
23653
23657
23661
23661
23667
23672
23677
23679
23684
23688
23688
23693
23696
23698
23702
23706
23706
23709
23711
23713
23713
23715
23719
23721
23724
23730
23734
23734
23748
23755
23766
23771
23777
23782
23789
23791
23791
23794
23795
23795
23804
23809
23813
23815
23825
23826
23826
23832
23834
23837
23838
23851
23863
23871
23875
23878
23881
23881
23882
23884
23885
23885
23895
23899
23900
23908
23909
23917
23925
23935
23936
23938
23945
23946
23947
23948
23951
23953
23962
23962
23964
23966
23969
23972
23976
23980
23985
23985
23988
23990
24009
24014
24018
24021
24031
24037
24037
24042
24046
24051
24063
24064
24071
24075
24076
24077
24079
24080
24082
24082
24089
24090
24095
24095
24103
24104
24129
24143
24146
24152
24154
24170
24172
24173
24174
24174
24177
24177
24178
24180
24181
24184
24184
24185
24189
24191
24195
24195
24196
24199
24200
24201
24205
24206
24210
24214
24219
24221
24224
24226
24233
24233
24234
24234
24238
24238
24239
24245
24252
24253
24258
24264
24265
24268
24274
24276
24282
24282
24285
24291
24295
24306
24310
24318
24319
24320
24323
24324
24326
24327
24329
24329
24334
24334
24335
24365
24366
24370
24375
24376
24380
24388
24391
24392
24393
24395
24395
24396
24396
24400
24402
24405
24407
24415
24419
24419
24421
24422
24427
24427
24428
24428
24431
24434
24438
24440
24442
24448
24448
24450
24453
24454
24461
24467
24469
24470
24474
24474
24475
24477
24490
24492
24494
24497
24499
24499
24500
24506
24509
24510
24513
24516
24516
24517
24521
24522
24522
24528
24540
24540
24543
24544
24559
24562
24568
24569
24571
24574
24574
24578
24579
24580
24590
24590
24593
24593
24595
24596
24601
24604
24610
24620
24623
24627
24630
24630
24633
24634
24635
24637
24639
24640
24643
24653
24653
24655
24658
24666
24666
24667
24668
24672
24676
24677
24677
24677
24680
24693
24693
24694
24698
24699
24700
24704
24709
24712
24716
24717
24718
24725
24732
24736
24738
24738
24738
24739
24743
24746
24748
24751
24752
24753
24755
24757
24760
24760
24761
24761
24763
24766
24773
24780
24785
24790
24790
24793
24797
24805
24806
24829
24831
24836
24838
24839
24839
24844
24846
24847
24848
24851
24854
24857
24858
24859
24859
24859
24863
24867
24870
24871
24875
24876
24877
24886
24887
24891
24891
24894
24895
24907
24909
24910
24912
24918
24920
24922
24923
24928
24932
24934
24935
24941
24943
24949
24951
24953
24954
24963
24965
24972
24975
24982
24994
24998
25004
25006
25011
25013
25013
25016
25016
25031
25033
25033
25035
25035
25036
25047
25051
25053
25056
25058
25063
25065
25066
25068
25070
25071
25075
25075
25079
25092
25099
25105
25107
25108
25113
25115
25129
25135
25136
25136
25138
25142
25143
25143
25144
25147
25149
25152
25153
25160
25161
25164
25174
25178
25182
25186
25186
25186
25196
25198
25206
25215
25220
25221
25222
25222
25224
25225
25229
25230
25233
25234
25243
25243
25245
25246
25246
25255
25260
25264
25267
25269
25270
25275
25281
25285
25287
25290
25292
25293
25293
25299
25301
25302
25306
25308
25316
25322
25328
25333
25333
25341
25344
25353
25361
25373
25374
25374
25375
25395
25398
25398
25401
25402
25409
25410
25410
25412
25419
25426
25427
25427
25431
25436
25442
25445
25445
25462
25469
25470
25474
25474
25475
25479
25481
25484
25486
25486
25490
25492
25495
25501
25504
25507
25509
25511
25513
25519
25520
25531
25537
25542
25548
25555
25556
25558
25559
25562
25567
25570
25570
25578
25580
25581
25581
25587
25589
25592
25598
25604
25614
25618
25620
25624
25625
25628
25632
25640
25644
25646
25646
25647
25656
25664
25675
25677
25681
25684
25695
25695
25699
25701
25702
25709
25722
25723
25726
25739
25741
25743
25744
25757
25759
25760
25766
25782
25783
25792
25798
25806
25816
25821
25826
25831
25833
25834
25838
25842
25854
25858
25859
25863
25869
25872
25873
25875
25883
25887
25890
25893
25898
25899
25901
25906
25910
25912
25913
25914
25914
25915
25918
25920
25920
25936
25937
25938
25939
25941
25941
25944
25944
25947
25948
25949
25950
25953
25954
25956
25964
25965
25968
25976
25982
25987
25988
25990
25999
25999
26007
26007
26008
26011
26012
26027
26033
26034
26041
26043
26050
26051
26060
26061
26071
26076
26078
26080
26088
26095
26096
26096
26098
26098
26101
26107
26115
26118
26119
26120
26132
26138
26142
26148
26148
26152
26161
26165
26175
26176
26178
26193
26194
26195
26208
26215
26219
26219
26224
26231
26249
26250
26251
26252
26252
26255
26258
26261
26262
26284
26284
26285
26287
26289
26291
26296
26306
26314
26314
26317
26322
26324
26331
26339
26342
26351
26351
26352
26353
26355
26356
26359
26364
26366
26366
26367
26369
26371
26371
26373
26382
26386
26391
26393
26395
26400
26400
26403
26413
26414
26415
26422
26424
26425
26426
26427
26427
26431
26432
26436
26441
26445
26449
26451
26454
26456
26458
26459
26463
26463
26468
26469
26487
26487
26491
26493
26499
26500
26502
26505
26507
26525
26526
26534
26544
26544
26545
26546
26546
26548
26555
26569
26573
26575
26575
26576
26577
26579
26581
26581
26583
26583
26586
26594
26594
26596
26606
26606
26606
26607
26617
26619
26625
26629
26635
26636
26643
26650
26650
26652
26654
26662
26676
26678
26682
26685
26687
26696
26701
26714
26717
26717
26718
26725
26729
26733
26745
26745
26746
26747
26751
26751
26756
26756
26758
26759
26762
26762
26762
26764
26766
26774
26776
26779
26779
26780
26782
26790
26798
26800
26802
26803
26804
26806
26810
26833
26834
26836
26838
26845
26846
26854
26855
26857
26861
26862
26864
26866
26867
26867
26867
26875
26875
26877
26882
26885
26887
26892
26899
26902
26907
26912
26916
26919
26920
26929
26936
26936
26937
26939
26939
26942
26944
26954
26958
26961
26969
26970
26978
26979
26981
26983
26985
26986
26989
26996
26998
27008
27012
27014
27026
27027
27029
27032
27038
27039
27041
27047
27048
27048
27048
27052
27054
27057
27066
27067
27072
27078
27082
27086
27099
27101
27102
27107
27111
27116
27124
27129
27136
27142
27144
27146
27152
27153
27153
27157
27158
27167
27169
27171
27176
27184
27188
27193
27205
27223
27229
27230
27232
27233
27233
27236
27241
27241
27249
27251
27255
27256
27256
27265
27267
27271
27272
27275
27279
27281
27291
27295
27300
27302
27314
27319
27322
27323
27324
27324
27325
27331
27331
27338
27341
27341
27348
27350
27350
27351
27353
27357
27357
27362
27364
27367
27368
27369
27375
27376
27382
27383
27389
27391
27396
27406
27408
27409
27410
27411
27416
27419
27421
27424
27424
27434
27437
27437
27444
27444
27449
27449
27450
27450
27453
27455
27463
27466
27468
27471
27482
27482
27482
27483
27484
27488
27489
27496
27499
27500
27507
27508
27509
27511
27512
27512
27513
27514
27514
27516
27517
27518
27519
27519
27533
27536
27538
27540
27546
27552
27557
27558
27559
27560
27564
27564
27576
27582
27591
27597
27597
27598
27598
27602
27603
27604
27608
27609
27609
27612
27613
27614
27615
27617
27618
27621
27622
27623
27625
27628
27640
27644
27652
27655
27655
27656
27656
27658
27666
27668
27668
27670
27670
27674
27678
27678
27681
27682
27682
27687
27696
27698
27700
27701
27702
27711
27715
27717
27720
27722
27726
27727
27729
27733
27734
27736
27737
27738
27741
27742
27743
27743
27743
27744
27745
27751
27754
27756
27759
27761
27763
27764
27767
27771
27772
27774
27779
27781
27783
27785
27786
27791
27797
27798
27798
27798
27799
27800
27800
27801
27805
27806
27806
27806
27828
27837
27839
27840
27849
27863
27866
27868
27869
27869
27877
27878
27881
27890
27890
27896
27898
27899
27900
27903
27907
27910
27914
27915
27916
27922
27926
27926
27933
27934
27946
27948
27949
27951
27954
27959
27964
27968
27971
27980
27983
27983
27985
27985
27998
27999
28005
28013
28019
28022
28024
28027
28028
28039
28042
28050
28050
28056
28060
28061
28063
28063
28066
28069
28073
28084
28092
28092
28096
28098
28101
28105
28108
28109
28114
28116
28116
28119
28120
28123
28127
28129
28131
28139
28140
28146
28149
28151
28153
28159
28160
28161
28164
28166
28166
28167
28183
28189
28194
28198
28199
28201
28202
28212
28214
28215
28217
28223
28224
28228
28231
28232
28235
28237
28239
28243
28246
28247
28251
28251
28260
28261
28264
28266
28267
28269
28269
28270
28271
28277
28282
28288
28295
28302
28312
28316
28318
28324
28325
28327
28332
28336
28339
28342
28343
28350
28351
28351
28353
28354
28355
28356
28360
28362
28364
28366
28368
28369
28374
28377
28379
28379
28380
28388
28390
28402
28412
28415
28415
28416
28418
28419
28419
28421
28421
28424
28426
28427
28430
28435
28441
28447
28451
28456
28459
28460
28463
28466
28467
28476
28476
28489
28490
28492
28495
28505
28505
28506
28506
28506
28524
28527
28528
28530
28530
28536
28538
28541
28542
28545
28551
28557
28563
28566
28568
28569
28571
28583
28587
28597
28598
28600
28602
28613
28613
28617
28617
28617
28619
28619
28619
28621
28622
28634
28636
28637
28638
28641
28641
28643
28644
28645
28646
28647
28647
28652
28653
28658
28663
28664
28666
28666
28670
28675
28682
28682
28685
28686
28694
28694
28694
28697
28706
28709
28712
28712
28715
28715
28720
28722
28731
28741
28742
28750
28752
28769
28771
28771
28772
28774
28775
28777
28777
28782
28786
28787
28796
28798
28798
28802
28805
28808
28811
28812
28815
28815
28820
28823
28826
28830
28831
28831
28836
28840
28843
28846
28848
28850
28857
28860
28869
28877
28878
28881
28884
28887
28887
28896
28899
28904
28910
28911
28911
28919
28923
28926
28928
28930
28931
28934
28948
28949
28953
28957
28958
28959
28961
28969
28980
28981
28998
28999
29001
29012
29012
29017
29018
29023
29024
29029
29032
29032
29039
29040
29045
29047
29052
29053
29055
29056
29056
29063
29063
29064
29067
29071
29073
29073
29074
29077
29077
29080
29081
29088
29088
29093
29093
29094
29104
29104
29107
29114
29124
29125
29128
29128
29133
29136
29138
29140
29141
29141
29145
29147
29151
29152
29152
29158
29161
29162
29170
29174
29174
29176
29177
29179
29180
29182
29186
29187
29188
29188
29189
29189
29194
29199
29199
29202
29205
29210
29211
29211
29217
29217
29217
29219
29221
29229
29232
29234
29234
29235
29235
29240
29241
29246
29247
29250
29251
29257
29259
29260
29267
29268
29269
29277
29279
29280
29282
29295
29296
29297
29299
29303
29305
29310
29311
29312
29314
29318
29321
29326
29326
29327
29327
29329
29331
29336
29345
29345
29348
29351
29353
29355
29356
29366
29366
29368
29368
29377
29380
29388
29389
29395
29397
29399
29400
29403
29406
29408
29409
29412
29412
29415
29417
29417
29417
29421
29422
29426
29428
29436
29441
29442
29443
29443
29444
29445
29447
29458
29460
29464
29466
29466
29471
29471
29473
29481
29490
29497
29501
29512
29513
29520
29521
29521
29528
29530
29530
29539
29541
29545
29550
29551
29564
29575
29581
29582
29583
29591
29595
29600
29608
29609
29612
29613
29618
29621
29628
29629
29632
29634
29635
29642
29644
29660
29664
29664
29666
29670
29672
29672
29682
29690
29693
29697
29699
29702
29706
29708
29711
29714
29714
29714
29717
29717
29718
29719
29727
29734
29737
29749
29751
29754
29757
29758
29768
29768
29771
29785
29794
29795
29796
29799
29802
29811
29811
29813
29814
29814
29815
29817
29818
29818
29818
29823
29825
29827
29831
29833
29834
29835
29836
29838
29840
29844
29846
29850
29856
29857
29857
29865
29869
29870
29881
29887
29889
29894
29896
29896
29899
29904
29909
29911
29914
29925
29925
29925
29928
29930
29933
29939
29945
29949
29952
29953
29954
29956
29959
29959
29960
29961
29965
29966
29967
29967
29970
29974
29980
29980
29981
29981
29986
29986
29987
29995
29995
29998
30000
30007
30009
30009
30010
30015
30016
30020
30024
30024
30025
30025
30027
30032
30033
30035
30036
30037
30040
30042
30043
30043
30044
30048
30055
30077
30079
30082
30084
30085
30087
30088
30096
30106
30116
30117
30124
30125
30128
30132
30134
30137
30147
30161
30166
30170
30171
30172
30175
30176
30179
30179
30183
30187
30194
30194
30198
30202
30203
30203
30215
30217
30217
30217
30218
30220
30220
30229
30231
30240
30241
30242
30243
30244
30247
30254
30255
30259
30265
30275
30279
30281
30281
30286
30287
30294
30296
30304
30306
30310
30313
30315
30317
30320
30321
30323
30325
30326
30328
30334
30336
30337
30338
30340
30340
30343
30348
30349
30354
30355
30363
30363
30370
30381
30388
30389
30393
30398
30407
30408
30410
30415
30418
30418
30419
30421
30421
30424
30429
30430
30436
30442
30451
30458
30459
30463
30463
30466
30470
30473
30474
30478
30484
30485
30501
30505
30509
30514
30518
30518
30520
30522
30525
30527
30529
30532
30532
30532
30534
30538
30541
30543
30548
30548
30549
30556
30567
30568
30569
30570
30571
30572
30576
30580
30583
30583
30583
30589
30589
30597
30599
30600
30602
30603
30605
30606
30610
30611
30613
30616
30619
30627
30631
30636
30637
30637
30637
30640
30640
30642
30645
30646
30646
30646
30649
30650
30650
30651
30651
30654
30655
30659
30661
30662
30662
30667
30670
30676
30688
30694
30700
30717
30729
30733
30741
30742
30749
30749
30754
30762
30764
30765
30768
30776
30780
30783
30783
30785
30788
30793
30795
30798
30799
30801
30803
30806
30810
30813
30816
30820
30821
30825
30832
30833
30839
30842
30843
30848
30848
30849
30854
30856
30859
30865
30868
30869
30876
30881
30881
30893
30894
30895
30897
30899
30900
30900
30904
30907
30910
30912
30913
30915
30917
30918
30923
30929
30931
30934
30939
30939
30951
30952
30958
30959
30960
30961
30962
30976
30977
30979
30985
30986
30995
30997
30999
31002
31003
31008
31009
31026
31030
31031
31036
31038
31038
31039
31041
31042
31046
31046
31046
31048
31049
31053
31057
31068
31080
31081
31089
31097
31098
31114
31118
31124
31126
31126
31132
31132
31135
31136
31144
31145
31169
31170
31176
31177
31177
31177
31178
31181
31181
31182
31182
31182
31193
31194
31203
31207
31208
31209
31211
31214
31219
31219
31220
31223
31226
31230
31232
31233
31235
31239
31243
31244
31245
31247
31250
31253
31255
31264
31273
31274
31275
31275
31277
31278
31282
31282
31289
31297
31304
31313
31314
31314
31314
31314
31316
31316
31326
31339
31340
31341
31345
31346
31347
31353
31358
31366
31368
31373
31376
31377
31377
31381
31385
31389
31390
31391
31396
31397
31400
31406
31412
31413
31416
31419
31419
31420
31421
31424
31426
31431
31432
31432
31445
31451
31457
31458
31460
31461
31462
31468
31470
31474
31475
31476
31484
31484
31484
31486
31486
31489
31491
31492
31496
31506
31511
31511
31516
31522
31522
31522
31523
31529
31532
31532
31536
31544
31556
31557
31561
31566
31567
31574
31574
31575
31576
31586
31588
31588
31593
31596
31596
31603
31606
31607
31613
31614
31614
31618
31624
31626
31627
31632
31633
31639
31644
31653
31653
31653
31653
31654
31654
31655
31656
31666
31677
31678
31678
31686
31688
31692
31693
31695
31695
31695
31700
31702
31703
31705
31708
31714
31714
31715
31717
31718
31718
31730
31739
31744
31746
31758
31764
31772
31776
31777
31782
31785
31790
31792
31792
31797
31798
31806
31810
31817
31818
31824
31825
31827
31831
31834
31836
31837
31840
31840
31843
31844
31848
31851
31851
31859
31862
31868
31869
31869
31870
31870
31871
31875
31876
31881
31881
31881
31884
31884
31892
31893
31896
31901
31905
31922
31928
31928
31935
31937
31939
31940
31943
31944
31945
31945
31946
31952
31953
31955
31958
31964
31964
31968
31969
31978
31980
31983
31987
31987
31991
31996
31997
31999
32000
32002
32007
32018
32024
32032
32035
32041
32046
32047
32051
32051
32053
32056
32060
32065
32065
32070
32074
32084
32087
32090
32094
32095
32096
32098
32100
32102
32107
32107
32111
32111
32112
32113
32117
32117
32124
32127
32129
32135
32138
32138
32140
32141
32145
32146
32154
32157
32160
32162
32173
32176
32184
32189
32197
32198
32200
32205
32212
32212
32213
32214
32219
32219
32227
32228
32229
32237
32239
32240
32241
32251
32254
32255
32256
32256
32257
32258
32259
32260
32263
32263
32266
32266
32269
32278
32278
32281
32281
32289
32290
32295
32297
32300
32301
32307
32309
32316
32318
32319
32319
32324
32325
32327
32330
32332
32333
32336
32341
32343
32344
32345
32347
32362
32367
32371
32372
32376
32376
32376
32380
32382
32385
32387
32389
32391
32394
32396
32402
32405
32408
32412
32412
32415
32423
32423
32427
32427
32429
32431
32431
32432
32435
32435
32438
32457
32465
32467
32469
32471
32473
32473
32478
32487
32487
32490
32492
32494
32495
32495
32496
32496
32497
32498
32499
32500
32501
32511
32516
32516
32520
32524
32526
32526
32528
32530
32531
32533
32535
32538
32539
32539
32540
32543
32544
32546
32551
32554
32554
32565
32568
32569
32572
32573
32579
32583
32583
32586
32588
32589
32597
32601
32604
32606
32610
32614
32626
32627
32630
32630
32633
32637
32643
32647
32651
32655
32659
32665
32666
32666
32675
32676
32678
32679
32680
32685
32692
32693
32697
32697
32699
32700
32702
32707
32726
32727
32733
32735
32742
32748
32750
32759
32765
32766
